3987
59	335	136
20	335	474
472	335	80
169	335	80
180	335	470
59	335	434
20	335	434
36	287	984
59	287	984
20	287	984
476	287	984
488	287	984
260	287	984
134	287	984
171	287	984
350	287	984
175	287	984
222	287	1072
472	287	1068
169	287	426
358	287	1095
316	287	156
140	287	245
319	287	1450
197	287	770
455	287	1001
232	287	645
420	287	906
300	287	906
196	287	758
14	287	1255
420	287	980
300	287	1025
59	28	177
420	28	458
36	207	425
59	207	305
260	207	767
134	207	595
373	207	783
342	207	783
420	207	900
300	207	1041
420	207	1288
300	207	1288
22	207	1173
300	211	1418
36	211	144
59	211	144
20	211	144
476	211	144
488	211	144
300	211	270
36	322	1397
488	322	1397
300	322	132
300	322	370
420	477	436
36	477	781
59	477	781
20	477	781
476	477	781
488	477	781
180	477	22
300	477	506
420	378	436
36	378	617
59	378	1242
20	378	1100
476	378	94
488	378	1313
203	378	504
164	378	504
363	378	504
397	378	504
239	378	504
420	161	436
300	161	436
242	161	587
180	161	587
420	161	26
300	161	26
420	39	1254
300	39	1254
420	39	680
300	39	184
36	41	940
59	41	118
20	41	134
342	41	783
300	41	1447
59	41	636
20	41	636
134	38	984
171	38	984
59	38	984
20	38	984
319	38	1450
197	38	528
472	38	1068
169	38	426
420	38	649
300	38	1337
260	272	562
134	272	1444
36	272	355
59	272	950
262	272	1074
375	272	1074
420	272	989
300	272	131
59	272	752
36	466	196
59	466	196
20	466	196
476	466	196
488	466	196
260	466	196
134	466	196
171	466	196
350	466	196
175	466	196
59	466	603
20	466	1259
476	466	1453
488	466	1332
134	466	25
171	466	1334
350	466	1163
175	466	1304
420	466	1331
300	466	1331
420	466	162
300	466	162
242	466	1280
180	466	1280
420	466	313
300	466	1284
59	138	1318
59	138	1139
134	138	398
59	78	326
400	78	955
134	498	1397
319	498	80
300	498	707
300	498	993
59	500	1397
472	500	1208
472	500	456
22	500	1211
420	208	436
300	208	436
242	208	587
180	208	219
420	208	1058
300	208	1058
59	410	769
420	501	1078
300	501	1078
242	501	587
180	501	587
420	501	1364
300	501	1364
420	501	215
300	501	215
260	501	676
134	501	676
36	501	676
59	501	676
140	501	863
319	501	408
222	501	1159
472	501	59
262	501	684
375	501	684
420	501	899
300	501	1190
420	279	436
300	279	568
180	279	470
300	279	556
300	279	907
59	279	15
20	279	15
476	279	15
488	279	15
36	279	812
59	81	984
20	81	984
134	81	984
171	81	984
472	81	1068
169	81	426
319	81	1450
197	81	528
300	81	1447
420	81	1134
36	81	636
59	81	636
472	81	514
14	81	298
342	81	1358
36	454	425
59	454	305
260	454	767
134	454	595
373	454	783
342	454	783
420	454	900
300	454	1041
420	454	795
300	454	795
22	454	748
36	347	1011
59	347	1011
375	347	587
300	347	78
36	347	676
59	347	676
20	347	676
476	347	676
488	347	676
180	347	638
36	229	1157
59	229	1027
300	229	318
59	229	806
274	229	1010
418	229	1010
59	186	173
375	186	1074
300	186	327
36	340	940
59	340	118
20	340	134
342	340	783
300	340	1447
59	340	636
20	340	636
300	64	625
180	64	783
300	64	77
300	64	216
22	64	1174
420	490	1026
59	490	618
20	490	618
164	490	723
363	490	571
59	393	1397
134	393	1397
472	393	80
319	393	80
472	393	865
319	393	1264
59	67	1397
134	67	1397
472	67	321
319	67	1281
300	67	718
420	67	718
36	491	404
59	491	404
20	491	404
476	491	404
488	491	404
260	491	1388
134	491	1388
171	491	1388
350	491	1388
175	491	1388
262	491	1074
375	491	1074
420	491	49
300	491	564
36	79	1224
59	79	1224
342	79	783
473	79	252
400	79	357
22	79	1213
300	480	173
180	480	783
59	480	120
20	480	120
476	480	120
488	480	120
59	480	277
20	480	1354
59	480	755
20	480	755
59	365	436
222	365	207
300	365	370
36	304	1397
488	304	1397
222	304	80
316	304	80
300	304	1044
36	390	1175
59	390	779
20	390	678
476	390	641
488	390	1112
300	390	240
488	390	448
488	390	411
420	444	1418
36	444	679
59	444	679
206	444	1088
503	444	1088
59	444	878
420	444	1170
300	444	1170
420	444	523
300	444	523
260	444	1328
36	444	1328
420	130	173
300	130	173
36	130	781
59	130	781
20	130	781
476	130	781
488	130	781
260	130	781
134	130	781
171	130	781
350	130	781
175	130	781
242	130	573
180	130	675
420	130	1312
300	130	178
420	130	980
300	130	980
36	130	422
59	130	422
20	130	422
476	130	422
488	130	422
260	130	422
134	130	422
171	130	422
350	130	422
175	130	422
242	130	213
180	130	213
420	130	251
300	130	251
59	130	1037
20	130	1037
476	130	1037
488	130	1037
134	130	1037
171	130	1037
350	130	1037
175	130	1037
420	166	1026
262	166	587
36	166	448
488	166	448
206	166	164
121	166	164
300	166	1085
14	166	669
36	461	984
59	461	984
20	461	984
476	461	984
488	461	984
180	461	1074
300	461	747
22	461	96
420	107	173
300	107	173
242	107	16
180	107	1406
420	107	149
300	107	1075
36	102	1397
300	102	378
300	102	27
180	102	986
300	102	1293
134	63	1397
319	63	80
300	63	707
300	63	993
260	132	1011
134	132	1011
262	132	587
59	132	448
300	132	836
36	482	1175
59	482	779
20	482	678
476	482	641
488	482	1353
222	482	590
472	482	590
169	482	590
358	482	590
316	482	590
300	482	806
222	482	916
472	482	916
169	482	916
358	482	916
316	482	916
134	302	501
171	302	1355
59	302	941
134	302	398
59	302	1139
134	303	436
171	303	436
134	303	773
171	303	239
59	303	577
300	251	142
59	251	1249
20	251	354
476	251	730
488	251	951
180	251	861
22	251	96
420	181	436
300	181	436
242	181	219
180	181	219
300	181	1130
300	181	178
420	181	178
36	370	943
59	370	473
20	370	1215
476	370	311
488	370	105
222	370	587
472	370	587
169	370	587
358	370	587
316	370	587
300	370	768
134	27	436
59	27	436
373	27	783
342	27	783
420	27	908
300	27	908
300	399	173
180	399	1074
300	399	447
134	212	1397
59	212	1397
319	212	80
472	212	80
319	212	1391
472	212	919
420	212	178
300	212	1312
171	198	436
350	198	436
175	198	436
59	198	679
300	198	784
260	198	676
134	198	676
36	198	676
59	198	676
140	198	863
319	198	408
222	198	1159
472	198	59
262	198	684
375	198	684
36	381	1397
59	381	1397
488	381	1397
300	381	700
59	381	448
472	381	9
420	125	1418
300	125	1418
242	125	16
180	125	1406
420	125	589
300	125	589
59	391	1397
20	391	1397
59	391	591
20	391	591
420	391	990
300	391	3
36	184	1169
59	184	379
7	184	167
476	184	1271
488	184	1285
375	184	928
7	184	1402
420	160	436
300	160	296
36	160	448
36	160	278
59	160	845
260	160	1071
134	160	937
262	160	356
375	160	356
175	440	1397
59	440	679
59	440	1102
260	354	106
134	354	690
262	354	587
59	354	627
20	354	627
472	354	32
169	354	32
300	354	1260
420	392	142
36	392	781
59	392	781
20	392	781
476	392	781
488	392	781
342	392	1437
300	392	623
36	392	597
488	392	597
342	392	1004
300	392	218
300	392	520
420	325	1078
300	325	1078
242	325	587
180	325	587
420	325	1296
300	325	1296
22	325	1174
300	459	173
180	459	783
300	459	77
300	459	1099
300	51	527
300	51	481
59	128	173
300	128	1290
260	200	952
134	200	1152
171	200	1083
350	200	293
175	200	780
262	200	587
36	200	1209
59	200	260
20	200	1387
476	200	465
488	200	1192
222	200	32
472	200	32
169	200	32
358	200	32
316	200	32
300	200	638
420	200	648
300	200	648
420	200	866
300	200	1272
260	112	1224
134	112	1224
171	112	1224
350	112	1224
175	112	1224
36	112	1224
59	112	1224
20	112	1224
476	112	1224
488	112	1224
242	112	219
180	112	219
420	112	330
300	112	330
260	112	509
134	112	719
171	112	1221
350	112	1150
175	112	872
36	112	1096
59	112	1456
20	112	560
476	112	242
488	112	685
420	112	314
300	112	851
36	112	1077
59	112	1077
20	112	1077
59	112	1342
20	112	1342
59	112	244
20	112	297
222	112	1098
420	263	436
59	263	1249
20	263	867
472	263	470
169	263	470
300	263	181
300	263	291
420	305	1078
300	305	1078
242	305	587
180	305	587
420	305	806
300	305	806
300	425	436
180	425	587
300	425	26
420	253	1254
300	253	1254
420	253	680
300	253	184
420	253	999
300	253	999
242	253	819
180	253	556
420	253	1148
420	253	555
420	24	436
242	24	219
36	24	448
300	24	457
260	24	223
134	24	122
171	24	1069
350	24	734
175	24	1176
140	24	497
319	24	497
197	24	497
455	24	497
232	24	497
36	24	809
59	24	809
20	24	809
476	24	809
488	24	809
180	24	64
420	24	1459
260	24	197
134	24	197
171	24	197
350	24	197
175	24	197
242	24	1409
300	24	1091
36	24	146
59	24	344
20	24	632
476	24	578
488	24	10
222	24	1030
472	24	1030
169	24	1030
358	24	1030
316	24	1030
134	235	1161
171	235	182
59	235	307
20	235	1372
420	82	436
242	82	219
300	82	694
420	82	1184
300	82	1184
175	82	886
488	82	651
300	82	453
260	5	1056
134	5	87
36	5	1031
59	5	1416
262	5	1074
375	5	1074
420	5	1269
300	5	1269
420	438	1026
300	438	1026
247	438	390
483	438	551
420	438	175
300	438	724
300	485	91
420	485	458
59	485	629
20	485	629
164	485	571
363	485	1246
59	250	1397
20	250	1397
59	250	1405
20	250	1405
36	292	1397
59	292	1397
472	292	80
14	292	490
342	292	32
300	426	173
180	426	783
300	426	1248
300	426	681
300	32	485
420	32	568
420	32	1411
300	32	2
36	32	272
59	32	272
20	32	272
476	32	272
488	32	272
342	32	737
300	32	477
420	111	1078
36	111	679
488	111	679
316	111	1088
300	111	558
300	43	1322
300	43	1166
300	43	269
300	43	1032
420	43	1115
260	309	984
134	309	984
171	309	984
350	309	984
175	309	984
262	309	587
59	309	1097
20	309	1097
59	309	521
20	309	939
342	309	176
300	309	1323
420	309	405
420	309	1326
260	424	81
175	424	924
36	424	1027
488	424	813
300	424	778
420	424	371
36	146	813
488	146	1027
222	146	587
316	146	587
36	146	1045
59	146	954
260	146	1111
134	146	1385
373	146	176
342	146	176
420	146	483
300	146	1079
36	246	788
59	246	570
20	246	1403
476	246	79
488	246	689
260	246	310
134	246	1202
171	246	1200
350	246	1258
175	246	957
373	246	783
342	246	783
420	246	157
300	246	157
260	246	35
134	246	35
262	246	356
375	246	356
59	246	1077
59	246	237
36	261	196
59	261	196
20	261	196
476	261	196
488	261	196
260	261	196
134	261	196
171	261	196
350	261	196
175	261	196
222	261	8
472	261	116
169	261	796
358	261	44
316	261	735
140	261	1128
319	261	1317
197	261	1377
455	261	1052
232	261	33
420	261	526
300	261	187
36	341	1352
59	341	1393
300	341	1226
420	341	990
300	341	3
36	464	775
472	464	80
300	464	829
36	481	1175
59	481	779
20	481	678
476	481	641
488	481	1112
300	481	240
488	481	448
488	481	411
420	443	1078
300	443	1078
242	443	587
180	443	587
420	443	1296
300	443	1296
22	443	1174
420	429	173
300	429	173
36	429	144
59	429	144
20	429	144
476	429	144
488	429	144
260	429	144
134	429	144
171	429	144
350	429	144
175	429	144
420	429	39
300	429	443
420	429	558
300	429	13
59	1	1397
20	1	1397
59	1	1405
20	1	1405
420	396	436
242	396	587
59	396	657
20	396	30
472	396	916
169	396	916
300	396	1323
20	113	436
476	113	436
488	113	436
169	113	1338
358	113	1338
316	113	1338
300	113	1134
36	113	636
420	360	1078
300	360	1078
242	360	587
180	360	587
420	360	121
300	360	280
420	360	1164
300	360	468
420	360	722
242	360	684
300	360	480
300	360	798
300	95	1384
300	95	1410
180	95	482
300	95	125
300	108	173
180	108	783
59	108	442
20	108	442
476	108	442
488	108	442
22	108	12
420	238	716
300	238	1344
242	238	783
180	238	783
36	238	1209
59	238	260
20	238	1387
476	238	465
488	238	395
260	238	126
134	238	1243
171	238	751
350	238	896
175	238	759
59	275	1429
420	173	1254
300	173	1254
262	173	80
375	173	80
420	173	335
300	173	631
260	173	444
134	173	488
36	173	1222
59	173	275
20	173	948
476	173	948
488	173	948
171	173	948
350	173	948
175	173	948
420	173	83
300	173	997
420	173	264
300	173	264
420	173	1407
300	173	88
420	173	898
300	173	898
242	173	674
180	173	1177
59	173	1315
20	173	1315
476	173	1315
488	173	1315
134	173	1315
171	173	1315
350	173	1315
175	173	1315
36	129	984
59	129	984
20	129	984
476	129	984
488	129	984
260	129	984
134	129	984
171	129	984
350	129	984
175	129	984
222	129	1072
472	129	1068
169	129	426
358	129	1095
316	129	156
140	129	245
319	129	1450
197	129	528
455	129	1001
232	129	645
420	129	906
300	129	906
196	129	758
14	129	1255
59	182	173
14	182	654
300	182	330
420	182	460
300	182	460
492	182	55
47	182	55
420	182	974
300	182	1126
420	182	320
300	182	662
36	432	1397
222	432	928
260	334	1397
223	334	783
488	334	448
488	334	1106
488	334	1006
488	334	1129
488	334	1062
420	109	1078
300	109	1078
242	109	1287
180	109	1287
59	384	1318
36	298	1397
260	298	1397
373	298	783
342	298	783
213	298	1167
489	298	437
472	271	756
472	271	28
59	92	173
59	92	1273
260	254	168
134	254	532
36	254	1070
59	254	972
20	254	781
476	254	781
488	254	781
171	254	781
350	254	781
175	254	781
420	254	17
300	254	220
420	254	946
300	254	946
420	254	606
300	254	512
420	42	436
300	42	436
242	42	587
180	42	587
420	42	26
300	42	26
180	364	300
400	364	274
499	364	609
80	364	609
260	237	1416
134	237	1031
36	237	87
59	237	1056
140	237	1142
319	237	519
222	237	1039
472	237	1449
262	237	22
375	237	22
420	237	1424
300	237	1424
36	237	597
59	237	597
20	237	597
59	237	812
20	237	812
59	237	1172
20	237	945
222	237	1367
36	388	97
59	388	959
20	388	672
476	388	349
488	388	811
222	388	80
472	388	80
169	388	80
358	388	80
316	388	80
300	388	1382
300	388	558
36	388	418
59	388	418
20	388	418
476	388	418
488	388	418
20	299	436
476	299	436
488	299	436
169	299	462
358	299	462
316	299	462
300	349	142
59	349	1249
20	349	354
476	349	730
488	349	951
300	349	821
36	405	196
59	405	196
20	405	196
476	405	196
488	405	196
260	405	196
134	405	196
171	405	196
350	405	196
175	405	196
140	405	517
319	405	11
197	405	787
455	405	1048
232	405	1012
222	405	987
472	405	765
169	405	1216
358	405	1369
316	405	1051
420	405	880
300	405	1421
420	405	602
300	405	494
36	362	1224
59	362	1224
260	362	1224
134	362	1224
420	362	52
300	362	345
420	362	1455
300	362	1445
420	446	1418
300	446	1418
196	446	680
14	446	680
36	50	196
59	50	196
222	50	934
472	50	934
400	50	372
36	248	196
59	248	196
20	248	196
476	248	196
488	248	196
260	248	196
134	248	196
171	248	196
350	248	196
175	248	196
140	248	245
319	248	1450
197	248	528
455	248	1001
232	248	645
222	248	1072
472	248	1068
169	248	426
358	248	1095
316	248	156
420	248	880
300	248	1421
420	248	602
300	248	494
420	248	910
300	248	910
242	248	554
180	248	172
420	248	899
300	248	1190
36	359	227
59	359	227
59	218	1318
300	218	568
180	218	470
300	218	1183
300	265	436
180	265	219
300	265	484
420	367	417
300	367	1147
300	367	385
420	367	1033
36	367	679
488	367	679
260	367	679
175	367	679
222	367	583
316	367	98
140	367	566
232	367	155
420	367	1312
300	367	178
59	46	941
134	46	652
171	46	238
36	46	1408
59	46	1430
20	46	932
476	46	1291
488	46	202
260	46	289
134	46	1185
171	46	211
350	46	714
175	46	742
262	46	319
375	46	319
420	46	610
300	46	130
59	333	436
20	333	436
342	333	587
59	333	696
20	333	82
36	320	413
59	320	413
300	320	568
180	320	470
300	320	752
36	442	1397
300	442	378
36	351	1397
59	351	1397
20	351	1397
59	351	1249
20	351	867
300	351	717
300	351	840
59	351	1378
20	351	1378
59	26	173
20	26	173
59	26	337
20	26	585
342	26	219
59	26	139
20	26	1144
59	26	24
20	26	857
36	294	1157
59	294	1027
260	294	1008
134	294	924
420	294	1024
300	294	607
420	294	159
300	294	642
420	294	1422
300	294	795
36	294	1356
59	294	799
260	294	1230
134	294	805
262	294	737
375	294	737
300	214	267
300	214	1166
420	214	990
300	214	3
59	144	1397
472	144	890
420	144	415
36	144	636
59	144	636
473	144	741
59	144	428
300	409	1049
300	409	708
300	409	191
375	409	986
300	409	1268
300	409	648
472	53	693
319	53	693
59	53	830
134	53	839
59	53	1319
134	53	939
36	53	676
59	53	676
20	53	676
476	53	676
488	53	676
300	301	436
342	301	697
420	386	243
300	386	643
300	148	173
180	148	1074
300	148	750
36	179	1047
59	179	491
20	179	171
476	179	525
488	179	581
375	179	587
36	179	869
59	179	524
20	179	1132
476	179	1187
488	179	698
420	372	436
242	372	219
59	372	0
20	372	1387
476	372	465
488	372	1192
472	372	32
169	372	32
358	372	32
316	372	32
59	372	204
20	372	204
476	372	204
488	372	204
260	436	996
134	436	1014
36	436	63
59	436	1127
300	436	856
420	436	856
300	436	642
420	436	159
300	436	795
420	436	1422
300	436	843
420	436	110
300	361	1026
375	361	133
300	361	589
36	361	676
59	361	676
20	361	676
476	361	676
488	361	676
420	361	451
300	361	451
420	361	18
300	361	1155
300	361	510
134	158	41
171	158	600
59	158	391
20	158	1175
472	158	80
169	158	80
319	158	80
197	158	80
420	158	203
300	158	203
420	193	436
300	193	995
300	193	677
260	124	48
134	124	224
59	124	1389
20	124	152
300	124	189
260	329	1011
134	329	1011
262	329	587
59	329	448
59	329	712
300	329	1170
180	329	575
36	329	809
59	329	809
20	329	809
476	329	809
488	329	809
36	329	927
59	329	572
20	329	1235
476	329	1348
488	329	246
59	337	1397
472	337	487
59	119	1318
134	119	398
59	119	1139
260	88	1397
175	88	1397
36	88	1397
488	88	1397
140	88	587
232	88	587
222	88	587
316	88	587
420	88	165
300	88	852
420	88	1339
260	88	418
134	88	418
171	88	418
350	88	418
175	88	418
36	88	1077
488	88	1077
36	88	1400
488	88	1400
260	460	1397
36	460	983
59	460	592
20	460	853
476	460	179
488	460	1275
222	460	892
472	460	892
169	460	892
358	460	892
316	460	892
300	460	471
300	460	1120
36	460	422
59	460	422
20	460	422
476	460	422
488	460	422
420	460	480
140	460	725
319	460	725
197	460	725
455	460	725
232	460	725
300	460	303
300	460	935
300	460	198
300	460	467
300	460	1153
375	460	394
420	460	365
300	460	365
36	152	1397
59	152	1397
342	152	219
36	152	129
59	152	38
420	228	1026
373	228	587
36	228	1090
59	228	1090
20	228	1090
476	228	1090
488	228	1090
300	228	42
420	55	436
242	55	219
300	55	694
59	145	1397
472	145	433
300	245	173
36	245	144
59	245	144
20	245	144
476	245	144
488	245	144
36	245	1234
59	245	565
20	245	145
476	245	529
488	245	127
59	245	636
36	245	451
20	245	451
476	245	451
488	245	451
134	431	622
59	431	594
420	431	1410
300	431	1410
242	431	1244
180	431	766
134	431	1436
171	431	1436
350	431	1436
175	431	1436
59	431	1436
20	431	1436
476	431	1436
488	431	1436
260	474	1008
134	474	924
36	474	1157
59	474	1027
262	474	587
375	474	587
420	474	351
300	474	328
260	54	1397
175	54	1397
36	54	1397
488	54	1397
342	54	783
373	54	783
420	54	1274
300	54	1457
260	315	1397
36	315	1397
262	315	587
375	315	587
420	315	753
300	315	731
420	315	944
300	315	944
420	220	1026
373	220	587
300	220	1136
420	172	173
373	172	783
59	172	262
300	437	1344
420	437	716
180	437	783
242	437	783
300	437	691
420	437	691
180	437	43
242	437	1020
134	126	173
36	126	199
59	126	199
20	126	199
300	126	1158
300	126	1232
180	126	638
300	126	400
420	376	436
373	376	587
59	376	448
59	376	1431
260	224	1056
134	224	87
36	224	1031
59	224	1416
140	224	1142
319	224	519
222	224	1039
472	224	1449
262	224	22
375	224	22
134	224	738
59	224	1263
134	224	113
59	224	1113
59	89	108
20	89	92
472	89	587
169	89	587
300	89	715
300	122	173
180	122	783
300	122	100
59	281	1318
300	281	568
180	281	470
300	281	1183
300	387	93
300	387	407
300	387	1044
22	387	46
59	401	436
300	401	1357
300	401	1151
420	150	667
300	150	667
36	150	867
59	150	978
20	150	354
476	150	730
488	150	951
260	150	1443
134	150	368
171	150	876
350	150	286
175	150	322
373	150	1437
342	150	1437
420	150	831
300	150	498
36	150	1038
59	150	1154
260	150	1463
134	150	1270
373	150	737
342	150	737
420	150	1294
300	150	292
36	6	1397
260	6	1397
262	6	587
375	6	587
420	6	848
300	6	140
36	6	633
260	6	1435
36	6	423
260	6	423
36	165	1397
260	165	1397
420	165	1024
300	165	607
420	165	159
300	165	642
420	165	1422
300	165	795
36	328	97
59	328	959
20	328	672
476	328	349
488	328	811
222	328	80
472	328	80
169	328	80
358	328	80
316	328	80
36	328	99
59	328	99
20	328	99
476	328	99
488	328	99
59	328	979
300	328	1180
36	328	1077
300	98	91
300	98	367
420	355	142
420	355	534
36	355	1104
59	355	102
20	355	820
476	355	545
488	355	241
222	355	986
472	355	986
169	355	986
358	355	986
316	355	986
300	355	663
300	355	325
36	355	809
59	355	809
20	355	809
476	355	809
488	355	809
300	187	173
180	187	936
36	187	361
300	187	1366
59	187	958
20	187	958
476	187	958
488	187	958
59	187	960
20	187	960
476	187	960
488	187	960
59	154	1397
472	154	219
36	154	215
20	154	215
476	154	215
488	154	215
300	154	1267
36	154	418
20	154	418
476	154	418
488	154	418
300	227	1254
420	227	1254
375	227	587
262	227	587
300	227	1447
420	227	1447
36	227	676
59	227	676
20	227	676
476	227	676
488	227	676
260	227	676
134	227	676
171	227	676
350	227	676
175	227	676
180	227	638
242	227	638
180	215	300
300	215	607
420	215	215
59	215	1232
20	215	1232
164	215	1246
363	215	683
36	479	984
59	479	984
20	479	984
476	479	984
488	479	984
260	479	984
134	479	984
171	479	984
350	479	984
175	479	984
222	479	587
472	479	587
169	479	587
358	479	587
316	479	587
140	479	587
319	479	587
197	479	587
455	479	587
232	479	587
300	479	1413
420	479	89
300	479	478
420	479	776
300	479	749
420	479	969
260	30	1011
134	30	1011
262	30	587
59	30	448
59	30	712
59	30	1170
134	30	1170
59	30	695
134	30	826
134	30	658
300	30	301
14	30	1121
36	30	197
59	30	197
20	30	197
476	30	197
488	30	197
36	30	1349
59	30	1181
20	30	546
476	30	858
488	30	1309
59	156	173
180	156	783
59	156	670
59	156	1401
22	156	253
300	428	1374
420	428	598
22	428	406
36	318	1397
59	318	1397
472	318	80
14	318	109
14	318	419
22	318	253
420	284	1026
373	284	783
300	284	1097
180	284	1007
59	284	418
20	284	418
36	284	418
476	284	418
488	284	418
59	284	817
20	284	877
36	284	726
476	284	440
488	284	445
420	177	1026
373	177	587
59	177	448
472	177	32
472	177	569
300	194	1078
420	194	1078
180	194	587
242	194	587
420	194	129
300	194	178
59	194	1053
36	194	1053
300	194	637
420	194	580
300	194	580
180	194	1415
242	194	1415
420	194	256
300	194	256
420	306	436
59	306	781
20	306	781
36	306	781
476	306	781
488	306	781
472	306	470
169	306	470
222	306	470
358	306	470
316	306	470
300	306	973
59	306	666
20	306	435
36	306	248
476	306	273
488	306	1080
59	72	173
134	72	173
20	72	173
171	72	173
59	72	1249
134	72	792
20	72	867
171	72	1443
373	72	1437
342	72	1437
196	72	432
14	72	432
472	72	59
319	72	408
169	72	1465
197	72	1116
300	72	1057
420	72	1057
180	72	579
242	72	1233
300	72	54
420	72	1239
59	417	1397
472	417	936
300	417	1278
472	417	833
300	21	141
420	21	141
201	21	1074
84	21	1074
300	21	1041
420	21	900
300	21	1032
420	21	1115
59	346	347
36	346	347
134	346	347
260	346	347
300	346	1458
420	346	334
300	346	121
420	346	121
20	280	436
476	280	436
488	280	436
169	280	462
358	280	462
316	280	462
420	280	190
242	280	402
36	280	418
59	280	418
222	280	575
472	280	575
222	280	1022
472	280	1022
59	256	118
20	256	134
36	256	366
342	256	783
300	256	1447
59	256	636
20	256	636
420	421	1418
36	421	679
59	421	679
222	421	1088
59	421	878
36	85	704
59	85	772
20	85	771
476	85	333
488	85	476
260	85	518
134	85	183
171	85	1363
350	85	733
175	85	550
222	85	1072
472	85	1068
169	85	426
358	85	1095
316	85	156
140	85	245
319	85	1450
197	85	528
455	85	1001
232	85	645
375	85	22
262	85	22
420	85	285
300	85	163
420	103	173
300	103	173
36	103	781
59	103	781
20	103	781
476	103	781
488	103	781
260	103	781
134	103	781
171	103	781
350	103	781
175	103	781
242	103	573
180	103	675
420	103	374
300	103	1123
36	269	63
59	269	1127
260	269	996
134	269	1014
300	269	1458
420	269	334
300	269	589
420	269	589
59	269	1232
300	269	956
300	269	894
420	296	1078
36	296	679
300	296	1108
420	296	914
300	296	914
36	44	1397
59	44	1397
260	44	1397
134	44	1397
472	44	587
319	44	587
59	44	230
134	44	230
59	44	849
134	44	849
222	44	986
59	259	173
300	259	975
400	259	841
134	110	173
59	110	173
2	110	104
159	110	1412
134	110	342
59	110	1028
175	71	1397
59	71	679
59	71	1102
36	450	984
59	450	984
20	450	984
476	450	984
488	450	984
260	450	984
134	450	984
171	450	984
350	450	984
175	450	984
140	450	245
319	450	1450
197	450	528
455	450	1001
232	450	645
222	450	1072
472	450	1068
169	450	426
358	450	1095
316	450	156
420	450	906
300	450	906
196	450	758
14	450	1255
420	368	436
36	368	316
20	368	1228
36	368	361
20	368	361
20	368	1035
134	90	874
59	90	290
300	117	209
36	117	679
59	117	679
222	117	892
472	117	892
14	117	432
342	117	638
59	191	1397
472	191	180
420	412	1078
300	412	1078
242	412	587
180	412	587
420	412	1296
300	412	1296
300	412	188
300	412	1084
59	31	1318
36	13	63
59	13	1127
260	13	996
134	13	1014
300	13	1458
420	13	334
300	13	1206
420	13	1117
300	13	762
420	13	692
300	13	1000
420	13	429
59	13	812
20	13	812
59	13	244
20	13	297
180	13	64
300	13	661
260	116	268
134	116	1059
171	116	871
350	116	499
175	116	112
262	116	587
36	116	115
59	116	1171
20	116	37
476	116	29
488	116	469
222	116	32
472	116	32
169	116	32
358	116	32
316	116	32
300	116	331
300	116	376
180	116	1358
300	116	231
180	76	114
400	76	393
274	76	1217
418	76	1217
59	414	1224
36	414	1224
472	414	80
222	414	80
300	414	1296
36	470	1397
260	470	1397
375	470	587
262	470	587
36	470	312
260	470	439
420	357	173
242	357	1141
260	357	361
134	357	361
171	357	361
350	357	361
175	357	361
36	357	1433
59	357	1433
20	357	1433
476	357	1433
488	357	1433
222	357	356
472	357	356
169	357	356
358	357	356
316	357	356
300	357	1333
300	462	173
420	462	173
260	462	781
134	462	781
171	462	781
350	462	781
175	462	781
36	462	781
59	462	781
20	462	781
476	462	781
488	462	781
242	462	573
180	462	675
300	462	178
420	462	1312
300	293	1026
420	293	1026
300	293	206
420	293	276
300	293	782
420	293	542
420	433	1254
262	433	587
420	433	57
36	433	1433
59	433	1433
20	433	1433
476	433	1433
488	433	1433
222	433	356
472	433	356
169	433	356
358	433	356
316	433	356
300	433	1376
300	433	1195
420	433	1195
300	433	687
420	433	1196
262	433	363
375	433	363
300	433	596
420	433	596
420	233	1078
36	233	21
59	233	1228
300	233	917
134	295	436
59	295	1389
20	295	152
300	295	619
36	167	1397
488	167	1397
260	167	1397
175	167	1397
222	167	587
316	167	587
140	167	587
232	167	587
300	167	1394
420	167	1156
36	49	87
260	49	1416
59	49	1056
134	49	1031
222	49	1039
140	49	1142
472	49	1449
319	49	519
375	49	22
262	49	22
300	49	1424
420	49	1424
300	324	358
420	324	358
222	324	80
472	324	80
169	324	80
358	324	80
316	324	80
140	324	80
319	324	80
197	324	80
455	324	80
232	324	80
300	324	370
420	324	370
300	324	460
420	324	460
342	324	1280
373	324	1280
59	324	1077
134	324	1077
20	324	1328
171	324	1328
476	324	1362
350	324	1362
488	324	279
175	324	279
36	496	1352
59	496	1393
300	496	1226
134	168	41
171	168	86
350	168	1042
175	168	185
319	168	20
197	168	20
455	168	20
232	168	20
59	168	214
20	168	214
476	168	214
488	168	214
36	168	214
300	168	1184
420	168	1184
180	168	638
242	168	638
300	168	1110
420	168	1292
300	168	222
420	168	222
260	327	196
134	327	196
171	327	196
350	327	196
175	327	196
36	327	196
59	327	196
20	327	196
476	327	196
488	327	196
134	327	25
171	327	1334
350	327	1163
175	327	1304
59	327	603
20	327	1259
476	327	1453
488	327	1332
300	327	1331
420	327	1331
319	327	916
472	327	916
319	327	893
472	327	968
319	327	538
472	327	1261
260	327	809
134	327	809
171	327	809
350	327	809
175	327	809
36	327	809
59	327	809
20	327	809
476	327	809
488	327	809
59	258	436
300	258	557
300	48	1026
420	48	1026
300	48	1064
420	48	994
300	48	280
420	48	121
300	48	468
420	48	1164
134	330	874
59	330	290
134	330	549
59	330	549
260	58	1207
134	58	258
171	58	1363
350	58	1454
175	58	930
140	58	587
319	58	587
197	58	587
455	58	587
232	58	587
59	58	448
472	58	32
300	58	53
260	58	835
134	58	1182
59	58	1086
20	58	1223
300	58	673
260	69	346
134	69	14
36	69	1029
59	69	616
375	69	783
262	69	783
260	69	1448
134	69	1360
36	69	1191
59	69	1067
140	69	32
319	69	32
222	69	32
472	69	32
300	69	56
420	69	56
260	135	1397
36	135	1397
375	135	587
262	135	587
140	135	566
222	135	583
260	135	1436
36	135	1436
420	133	173
242	133	1141
300	133	191
300	133	1441
260	133	223
134	133	122
171	133	925
350	133	942
175	133	208
36	133	248
59	133	666
20	133	435
476	133	273
488	133	1080
140	133	828
319	133	745
197	133	515
455	133	736
232	133	797
222	133	1201
472	133	626
169	133	1054
358	133	338
316	133	505
342	133	1178
373	133	1178
300	133	348
420	133	410
36	266	1397
488	266	1397
260	266	1397
175	266	1397
342	266	587
373	266	587
140	266	1065
222	266	1395
140	266	1125
222	266	634
260	66	1224
134	66	1224
171	66	1224
350	66	1224
175	66	1224
36	66	1224
59	66	1224
20	66	1224
476	66	1224
488	66	1224
260	66	862
134	66	25
171	66	1334
350	66	1163
175	66	1304
36	66	380
59	66	603
20	66	1259
476	66	1453
488	66	1332
342	66	22
373	66	22
300	66	922
420	66	922
59	267	196
342	267	219
300	267	1364
420	416	142
242	416	1074
300	416	1448
300	416	882
300	416	668
300	416	1386
420	469	1026
36	469	781
59	469	781
20	469	781
476	469	781
488	469	781
342	469	1437
300	469	732
36	469	1038
59	469	1154
260	469	1463
134	469	1270
342	469	737
373	469	737
300	469	292
420	469	1294
420	321	1026
262	321	587
373	321	1437
59	321	1232
59	321	891
175	8	1397
488	8	1397
342	8	783
373	8	783
232	8	155
316	8	98
260	382	1397
36	382	1410
59	382	1410
488	382	1410
300	382	947
420	163	436
300	163	568
180	163	470
300	163	547
59	163	1170
20	163	1170
59	163	271
20	163	1168
180	163	737
242	163	737
300	163	70
36	332	1397
488	332	1397
36	332	1410
488	332	1410
14	332	1390
420	257	436
242	257	219
472	257	470
472	257	1013
36	394	1397
488	394	1397
260	394	1397
175	394	1397
242	394	1074
180	394	1074
300	394	121
420	394	280
300	394	1164
420	394	468
300	394	552
420	394	1293
36	402	1397
260	402	1397
36	402	421
260	402	421
300	402	415
420	402	415
242	402	1020
180	402	43
300	402	288
420	402	800
420	155	142
242	155	1074
59	155	1097
300	155	965
134	427	259
171	427	1200
350	427	1015
175	427	957
59	427	570
20	427	1403
476	427	79
488	427	689
180	427	229
242	427	1034
300	427	489
420	427	489
300	427	991
420	427	991
300	427	635
420	427	635
22	427	710
300	493	1026
47	493	544
47	493	1238
300	4	1418
420	4	1418
242	4	16
180	4	1406
300	4	1134
420	4	1447
59	33	887
260	94	984
134	94	984
171	94	984
350	94	984
175	94	984
36	94	984
59	94	984
20	94	984
476	94	984
488	94	984
140	94	219
319	94	219
197	94	219
455	94	219
232	94	219
222	94	219
472	94	219
169	94	219
358	94	219
316	94	219
300	94	901
420	94	901
59	94	774
260	183	268
134	183	1059
171	183	871
350	183	499
175	183	112
262	183	587
36	183	115
59	183	1171
20	183	37
476	183	29
488	183	469
222	183	986
472	183	986
169	183	986
358	183	986
316	183	986
300	183	1145
36	183	422
59	183	422
20	183	422
476	183	422
488	183	422
300	91	173
180	91	1074
300	91	235
300	16	1026
420	16	1026
492	16	544
47	16	544
52	16	859
210	16	846
59	475	108
20	475	92
472	475	76
169	475	76
59	475	370
20	475	370
420	19	1418
36	19	679
59	19	679
222	19	1088
472	19	1088
59	19	878
59	136	1397
472	136	605
420	209	436
59	209	45
20	209	593
472	209	5
169	209	5
300	449	1371
180	141	114
400	141	60
274	141	1217
418	141	1217
134	141	1460
36	141	895
59	141	160
300	430	173
180	430	936
300	430	768
36	345	1432
59	345	868
300	345	739
59	395	173
20	395	173
59	395	1249
20	395	867
180	395	50
300	395	599
300	395	364
300	395	599
59	74	173
59	74	870
300	74	1373
472	74	402
222	74	402
169	74	402
358	74	402
316	74	402
300	74	1084
180	9	756
300	9	912
420	29	436
300	29	998
36	29	448
420	406	436
242	406	219
134	406	361
171	406	361
260	406	361
350	406	361
175	406	361
59	406	162
59	406	61
134	57	196
171	57	196
260	57	196
350	57	196
175	57	196
59	57	196
20	57	196
36	57	196
476	57	196
488	57	196
319	57	1317
197	57	1377
140	57	1128
455	57	1052
232	57	33
472	57	116
169	57	796
222	57	8
358	57	44
316	57	735
420	57	103
300	57	431
300	57	918
300	57	1194
342	57	1392
59	57	422
20	57	422
36	57	422
59	57	62
20	57	582
36	57	257
300	221	889
300	221	1265
420	221	190
300	221	190
420	221	729
300	221	1383
134	142	258
171	142	1363
260	142	1207
350	142	1454
175	142	930
319	142	587
197	142	587
140	142	587
455	142	587
232	142	587
59	142	448
472	142	32
59	142	503
59	290	959
20	290	771
36	290	97
476	290	323
488	290	6
472	290	587
169	290	587
222	290	587
358	290	587
316	290	587
300	290	615
59	290	361
20	290	361
36	290	361
476	290	361
488	290	361
36	276	1397
36	276	653
420	484	436
59	484	592
20	484	815
36	484	983
476	484	537
488	484	541
472	484	470
169	484	470
222	484	470
358	484	470
316	484	470
59	484	492
20	484	492
36	484	492
476	484	492
488	484	492
260	484	744
134	484	823
36	484	1426
59	484	612
373	484	737
342	484	737
420	484	1294
300	484	292
260	153	952
134	153	1152
171	153	1083
350	153	293
175	153	780
262	153	587
36	153	1104
59	153	102
20	153	37
476	153	388
488	153	721
222	153	32
472	153	32
169	153	32
358	153	32
316	153	32
300	153	970
260	162	1207
134	162	258
171	162	1363
350	162	1454
175	162	930
36	162	97
59	162	959
20	162	771
476	162	323
488	162	6
140	162	245
319	162	1450
197	162	528
455	162	1001
232	162	645
222	162	1072
472	162	1068
169	162	426
358	162	1095
316	162	156
420	162	1134
300	162	1447
420	162	676
300	162	676
36	307	1224
59	307	1224
20	307	1224
476	307	1224
488	307	1224
300	307	343
400	307	72
36	199	1397
36	199	653
420	199	190
300	199	190
420	199	729
300	199	1383
36	118	413
59	118	427
36	118	967
59	118	574
134	118	454
36	83	1397
36	83	1162
22	83	754
420	445	1026
300	445	1026
492	445	544
47	445	544
262	445	482
375	445	482
373	445	986
342	445	986
420	445	117
300	445	117
59	289	173
59	289	1446
420	289	926
300	289	926
242	289	402
180	289	402
420	289	483
300	289	1079
420	344	173
300	344	173
242	344	1074
180	344	1074
420	344	280
300	344	121
420	344	468
300	344	1164
420	344	1293
300	344	552
36	398	1157
59	398	1027
260	398	1008
134	398	924
420	398	875
300	398	232
59	348	173
180	348	783
59	241	959
20	241	771
36	241	97
476	241	323
488	241	6
472	241	587
169	241	587
222	241	587
358	241	587
316	241	587
300	241	615
59	241	361
20	241	361
36	241	361
476	241	361
488	241	361
420	308	1277
300	308	1277
242	308	783
180	308	783
140	308	621
319	308	621
197	308	621
455	308	621
232	308	621
222	308	621
472	308	621
169	308	621
358	308	621
316	308	621
420	308	923
300	308	923
488	369	1397
316	369	936
488	369	283
36	369	66
59	369	1419
260	369	373
134	369	879
420	369	699
300	369	111
59	285	1397
472	285	180
420	285	215
373	285	986
36	285	418
59	285	418
20	285	418
476	285	418
488	285	418
36	285	953
59	285	953
20	285	953
476	285	953
488	285	953
300	285	977
420	326	173
242	326	783
300	326	1097
180	326	1005
134	10	173
59	10	173
420	10	466
300	10	507
36	62	1432
59	62	868
375	62	587
260	62	971
134	62	801
171	62	608
350	62	727
175	62	84
134	97	1397
59	97	1397
319	97	611
472	97	1165
134	97	981
59	97	1310
59	270	136
20	270	474
472	270	219
169	270	219
59	270	589
20	270	558
59	270	1420
20	270	359
420	314	1078
300	314	1078
242	314	587
180	314	587
420	314	818
300	314	818
22	314	1174
300	465	173
36	465	867
59	465	978
20	465	354
476	465	730
488	465	1282
180	465	50
300	465	1122
59	3	1186
300	3	618
180	3	470
300	3	1089
260	236	1397
300	236	1410
36	236	1209
59	236	260
20	236	1387
476	236	465
488	236	395
180	236	916
300	236	161
300	236	1247
260	236	822
134	236	763
59	236	174
20	236	1188
300	236	455
420	236	455
300	478	1078
180	478	587
300	478	280
420	478	403
300	478	403
420	478	613
300	478	613
22	478	709
319	244	693
472	244	693
319	244	713
472	244	1103
420	244	1253
300	244	785
36	244	676
59	244	676
20	244	676
476	244	676
488	244	676
260	244	676
134	244	676
171	244	676
350	244	676
175	244	676
59	249	769
260	458	1207
134	458	258
171	458	1363
350	458	1454
175	458	930
36	458	97
59	458	959
20	458	771
476	458	323
488	458	6
140	458	80
319	458	80
197	458	80
455	458	80
232	458	80
222	458	80
472	458	80
169	458	80
358	458	80
316	458	80
420	458	1382
300	458	1382
420	458	67
300	458	233
420	458	418
300	458	418
59	371	173
134	371	173
159	371	807
2	371	761
59	371	120
134	371	120
134	371	1002
59	371	929
134	371	640
59	371	1118
36	371	493
171	15	436
350	15	436
175	15	436
59	15	530
59	15	1451
260	123	381
134	123	1314
36	123	966
59	123	153
420	123	334
300	123	1458
420	123	642
300	123	159
420	123	795
300	123	1422
420	123	843
300	123	110
420	123	881
300	123	881
242	123	1143
180	123	1143
420	123	563
300	123	794
22	123	1236
59	174	1397
472	174	1452
420	202	1078
300	202	1078
242	202	587
180	202	587
420	202	1138
300	202	210
420	202	332
300	202	332
420	202	980
300	202	980
420	202	254
300	202	1205
300	504	142
300	504	1434
59	151	173
59	151	1446
36	25	97
59	25	959
20	25	771
476	25	323
488	25	6
222	25	1074
472	25	1074
169	25	1074
358	25	1074
316	25	1074
300	25	1218
36	286	1397
260	286	1397
222	286	587
140	286	587
300	286	47
420	286	1252
300	286	1146
420	286	686
300	286	1320
420	286	553
22	286	1380
260	170	1207
134	170	258
171	170	1363
350	170	1454
175	170	930
36	170	97
59	170	959
20	170	771
476	170	323
488	170	6
140	170	1128
319	170	1317
197	170	1377
455	170	1052
232	170	33
222	170	8
472	170	116
169	170	796
358	170	44
316	170	735
420	170	841
300	170	841
420	170	676
300	170	676
134	435	173
59	435	173
196	435	496
14	435	909
196	435	1021
14	435	720
196	435	682
14	435	639
36	435	418
59	435	418
222	435	575
472	435	575
300	435	1321
420	23	436
59	23	679
472	23	430
342	23	32
300	23	559
59	23	486
20	23	1298
472	23	1241
169	23	1241
180	23	1329
300	23	586
260	243	952
134	243	1152
171	243	1083
350	243	293
175	243	780
262	243	587
36	243	644
59	243	664
20	243	148
476	243	51
488	243	1325
222	243	32
472	243	32
169	243	32
358	243	32
316	243	32
300	243	838
300	243	1343
260	243	23
134	243	1256
171	243	1295
350	243	228
175	243	1330
242	243	647
420	243	1381
36	243	905
59	243	824
20	243	1423
476	243	401
488	243	255
203	243	170
164	243	170
363	243	170
397	243	170
239	243	170
300	243	1301
36	137	1397
260	137	1397
300	137	607
420	137	1024
300	137	642
420	137	159
300	137	795
420	137	1422
59	317	108
20	317	92
472	317	225
169	317	225
59	317	1245
20	317	137
300	487	142
59	487	1249
20	487	354
476	487	730
488	487	951
180	487	804
22	487	96
59	176	1306
22	176	604
36	176	1097
59	176	1097
488	176	1097
260	176	1097
134	176	1097
175	176	1097
180	176	495
242	176	495
59	93	984
20	93	984
134	93	984
171	93	984
59	93	45
20	93	593
134	93	773
171	93	239
472	93	931
169	93	985
319	93	1040
197	93	68
164	93	986
363	93	986
411	93	986
422	93	986
420	93	294
300	93	1250
59	18	352
420	18	618
300	18	27
180	18	32
300	18	263
36	61	813
488	61	1027
222	61	587
316	61	587
36	147	1224
59	147	1224
20	147	1224
476	147	1224
488	147	1224
260	147	1224
134	147	1224
171	147	1224
350	147	1224
175	147	1224
242	147	219
180	147	219
222	147	1308
140	147	1082
420	147	1232
373	147	212
300	147	881
180	147	1358
300	147	1279
36	147	988
59	147	1137
20	147	802
476	147	982
488	147	1197
420	204	436
300	204	436
242	204	587
180	204	587
342	204	452
300	204	914
420	104	1078
300	104	1078
242	104	587
180	104	587
420	104	315
300	104	498
59	453	1397
472	453	890
59	453	448
472	453	833
59	453	441
36	131	1397
22	131	1050
300	11	91
300	11	367
260	467	1207
134	467	258
171	467	1363
350	467	1454
175	467	930
36	467	97
59	467	959
20	467	771
476	467	323
488	467	6
140	467	245
319	467	1450
197	467	528
455	467	1001
232	467	645
222	467	1072
472	467	1068
169	467	426
358	467	1095
316	467	156
420	467	1414
300	467	143
59	366	436
20	366	436
59	366	136
20	366	474
342	366	587
300	366	121
420	366	2
300	366	2
242	366	803
180	366	803
420	366	1399
300	366	921
260	96	196
134	96	196
171	96	196
350	96	196
175	96	196
36	96	196
59	96	196
20	96	196
476	96	196
488	96	196
319	96	219
197	96	219
455	96	219
232	96	219
472	96	219
169	96	219
358	96	219
316	96	219
196	96	1331
14	96	1331
420	96	1184
300	96	1184
260	96	418
134	96	418
171	96	418
350	96	418
175	96	418
36	96	418
59	96	418
20	96	418
476	96	418
488	96	418
420	96	36
300	96	1046
420	96	1046
300	96	36
420	96	36
300	96	1046
134	34	1397
319	34	80
262	34	22
36	34	676
59	34	676
20	34	676
476	34	676
488	34	676
180	34	384
300	34	1076
300	34	624
300	34	1231
420	34	1345
300	34	500
420	385	1078
300	385	1078
242	385	587
180	385	587
420	385	1464
300	385	567
420	385	332
300	385	332
420	331	1254
300	331	1254
420	331	680
300	331	184
36	297	1397
36	297	1162
22	297	754
260	105	1397
59	105	679
59	105	247
36	105	937
59	105	1071
222	105	1302
472	105	561
375	105	684
300	105	353
300	73	436
420	73	436
180	73	587
242	73	587
300	73	446
420	73	138
22	73	1174
59	312	173
180	312	783
420	312	629
242	312	32
300	312	722
300	312	40
300	312	1190
300	383	173
420	383	173
260	383	144
134	383	144
171	383	144
350	383	144
175	383	144
36	383	144
59	383	144
20	383	144
476	383	144
488	383	144
242	383	383
180	383	340
420	383	791
300	383	1237
260	495	952
134	495	1152
171	495	1083
350	495	293
175	495	780
262	495	587
36	495	1104
59	495	102
20	495	37
476	495	388
488	495	721
222	495	32
472	495	32
169	495	32
358	495	32
316	495	32
300	495	970
36	139	1157
59	139	1027
260	139	1008
134	139	924
222	139	219
472	139	219
140	139	219
319	139	219
420	139	261
300	139	261
59	127	1318
59	413	1186
420	157	1026
373	157	587
36	157	361
59	157	361
222	157	32
472	157	32
36	157	1289
59	157	743
420	157	812
242	157	1119
36	157	249
59	157	1462
20	157	1061
476	157	1073
488	157	601
222	157	1140
472	157	1140
169	157	1140
358	157	1140
316	157	1140
375	157	1114
375	157	266
59	283	436
20	283	436
59	283	136
20	283	474
342	283	587
300	283	121
420	283	1339
36	283	597
59	283	597
222	283	964
472	283	964
59	283	186
59	379	1397
59	379	620
59	379	1097
59	379	834
59	379	584
22	379	793
300	99	1418
420	99	1418
242	99	362
180	99	265
420	99	814
300	99	1135
300	99	1032
420	99	1115
59	219	173
472	219	928
260	190	268
134	190	1059
171	190	871
350	190	499
175	190	112
262	190	587
36	190	448
59	190	448
20	190	448
59	190	850
20	190	341
36	190	1359
59	190	119
260	190	58
134	190	1219
300	190	282
420	190	282
300	439	436
420	439	436
242	439	587
180	439	587
342	439	1379
300	439	840
36	115	196
59	115	196
222	115	934
472	115	934
400	115	372
59	68	436
222	68	123
59	68	370
300	377	436
420	377	436
242	377	587
180	377	587
300	377	1421
420	377	880
300	377	880
420	377	1421
300	377	1421
420	377	880
300	377	1032
420	377	1115
300	12	436
420	12	436
242	12	219
180	12	219
300	12	1130
420	12	1404
420	311	436
300	311	915
300	311	396
36	100	588
59	100	1316
260	100	309
134	100	1262
420	100	557
300	100	557
260	100	392
134	100	193
171	100	614
350	100	284
175	100	885
36	100	34
59	100	1193
20	100	1199
476	100	1461
488	100	150
140	100	324
319	100	539
197	100	147
455	100	1336
232	100	883
222	100	420
472	100	382
169	100	350
358	100	1109
316	100	825
262	100	803
262	100	803
420	100	287
300	100	287
420	252	1026
262	252	587
373	252	1437
59	252	1232
59	252	711
36	404	1397
488	404	1397
222	404	1074
300	404	399
22	404	630
260	407	196
134	407	196
171	407	196
350	407	196
175	407	196
36	407	196
59	407	196
20	407	196
476	407	196
488	407	196
319	407	219
197	407	219
455	407	219
232	407	219
472	407	219
169	407	219
358	407	219
316	407	219
196	407	1331
14	407	1331
260	230	1207
134	230	258
171	230	1363
350	230	1454
175	230	930
36	230	97
59	230	959
20	230	771
476	230	323
488	230	6
140	230	1160
319	230	1066
197	230	75
455	230	1346
232	230	1361
222	230	1107
472	230	706
169	230	479
358	230	1003
316	230	377
373	230	470
342	230	470
420	230	795
300	230	1422
420	230	843
300	230	110
420	230	36
300	230	1046
59	205	173
375	205	653
300	205	1266
420	205	1232
59	205	757
20	205	1210
472	205	1004
169	205	1004
59	205	151
20	205	151
36	273	1397
488	273	1397
222	273	80
316	273	80
300	273	1044
134	40	501
171	40	1355
59	40	941
300	40	458
420	40	458
300	40	1276
420	40	1411
300	40	205
36	101	409
59	101	95
260	101	281
134	101	961
420	101	424
242	101	295
260	101	676
134	101	676
171	101	676
350	101	676
175	101	676
300	101	722
180	101	1004
36	101	809
59	101	809
20	101	809
476	101	809
488	101	809
300	101	101
420	434	436
373	434	587
59	434	448
59	434	1431
300	434	1170
180	434	575
36	434	809
59	434	809
20	434	809
476	434	809
488	434	809
36	434	927
59	434	572
20	434	1235
476	434	1348
488	434	246
420	86	1418
300	86	568
222	86	1088
59	86	878
20	86	878
476	86	878
488	86	878
36	178	1397
36	178	653
36	178	448
59	178	448
20	178	448
59	178	162
20	178	162
59	178	1439
20	178	85
222	178	304
420	277	1026
300	277	1026
47	277	544
492	277	544
375	277	482
262	277	482
373	277	986
342	277	986
420	277	117
300	277	117
36	277	416
59	277	416
375	277	213
300	277	1283
420	188	436
300	188	568
342	188	158
180	188	938
260	338	873
134	338	671
375	338	587
59	338	448
59	338	360
36	143	984
59	143	984
20	143	984
476	143	984
488	143	984
180	143	219
14	143	217
14	143	109
22	143	96
420	114	436
300	114	436
180	114	587
242	114	587
420	114	138
300	114	446
22	114	1174
420	403	1026
300	403	1026
47	403	544
492	403	544
420	403	370
300	403	370
59	403	1232
59	403	1327
59	403	1225
488	225	1397
36	225	1397
488	225	502
36	225	502
134	310	436
59	310	1410
59	310	844
420	288	436
242	288	219
36	288	448
36	288	1347
36	35	97
59	35	959
20	35	771
476	35	323
488	35	6
180	35	587
300	35	1044
300	35	676
260	451	268
134	451	1059
171	451	871
350	451	499
175	451	112
262	451	587
300	451	911
169	451	32
20	451	790
260	87	1397
59	87	679
472	87	475
59	87	740
300	185	173
180	185	1074
36	185	361
59	185	361
20	185	361
476	185	361
488	185	361
36	185	414
59	185	1105
20	185	1019
476	185	1093
488	185	992
36	264	1352
59	264	1393
300	264	1226
420	264	27
242	264	986
36	264	1168
59	264	1440
20	264	962
476	264	1240
488	264	1375
472	264	543
169	264	543
358	264	543
300	264	329
420	264	329
260	441	855
134	441	540
59	441	535
20	441	461
300	441	1064
420	441	1064
260	502	1397
373	502	783
59	502	448
59	502	1133
420	502	1170
300	502	1170
242	502	705
180	502	1009
134	77	173
59	77	306
420	77	888
300	77	1094
260	216	873
134	216	671
262	216	587
59	216	448
59	216	712
420	216	980
300	216	980
36	216	953
59	216	953
20	216	953
476	216	953
488	216	953
260	216	953
134	216	953
171	216	953
350	216	953
175	216	953
242	216	213
180	216	213
420	216	847
300	216	847
59	497	173
180	497	783
300	497	670
300	497	1401
22	497	253
59	448	436
342	448	783
36	448	1220
300	45	173
180	45	783
59	45	442
20	45	442
476	45	442
488	45	442
22	45	12
36	149	1432
59	149	868
300	149	739
420	149	629
242	149	986
59	149	597
20	149	597
59	149	1438
20	149	1438
59	65	436
472	65	1141
300	65	1464
300	226	173
420	226	173
36	226	1212
59	226	1212
20	226	1212
476	226	1212
488	226	1212
260	226	1212
134	226	1212
171	226	1212
350	226	1212
175	226	1212
180	226	675
242	226	573
300	226	178
420	226	1312
36	217	196
59	217	196
20	217	196
476	217	196
488	217	196
222	217	1074
472	217	1074
169	217	1074
358	217	1074
316	217	1074
300	217	1063
260	463	1397
36	463	299
59	463	904
20	463	472
476	463	963
488	463	1016
300	463	1179
420	452	436
242	452	587
36	452	448
488	452	448
300	452	965
59	336	196
20	336	196
59	336	45
20	336	593
472	336	892
169	336	892
59	336	903
20	336	903
22	336	628
300	494	1026
300	494	135
300	268	173
180	268	1074
36	268	361
59	268	361
20	268	361
476	268	361
488	268	361
36	268	1303
59	268	169
20	268	655
476	268	339
488	268	927
134	352	1397
59	352	1397
319	352	80
472	352	80
373	352	22
342	352	22
420	352	791
59	352	200
300	352	15
420	352	15
300	352	234
420	352	1324
300	352	65
36	278	97
59	278	959
20	278	771
476	278	323
488	278	6
260	278	1207
134	278	258
171	278	1363
350	278	1454
175	278	930
222	278	842
472	278	459
169	278	7
358	278	511
316	278	1442
140	278	897
319	278	1368
197	278	1036
455	278	864
232	278	438
420	278	880
300	278	1421
420	278	602
300	278	494
59	75	436
20	75	436
59	75	136
20	75	474
342	75	587
300	75	646
36	468	1224
59	468	1224
20	468	1224
476	468	1224
488	468	1224
180	468	219
300	468	1017
300	380	192
169	380	783
20	380	701
472	457	693
20	457	1212
169	457	659
20	457	558
134	234	173
36	234	144
59	234	144
222	234	816
472	234	884
36	234	1312
59	234	1312
36	234	449
59	234	960
36	456	1432
59	456	868
300	456	854
300	195	625
420	195	625
300	195	1427
420	195	1286
300	195	140
420	195	848
36	195	1203
20	195	250
260	195	1425
171	195	746
196	195	548
14	195	548
36	389	97
59	389	959
20	389	771
476	389	323
488	389	6
222	389	80
472	389	80
169	389	80
358	389	80
316	389	80
300	389	280
36	389	1096
59	389	1456
20	389	764
476	389	221
488	389	74
222	389	356
472	389	356
169	389	356
358	389	356
316	389	356
300	389	336
300	389	809
59	353	1397
472	353	180
260	353	1198
134	353	508
36	353	516
59	353	397
36	17	97
59	17	959
20	17	771
476	17	323
488	17	6
222	17	1074
472	17	1074
169	17	1074
358	17	1074
316	17	1074
36	17	913
59	17	913
20	17	913
476	17	913
488	17	913
134	192	874
59	192	290
420	192	1166
300	192	1166
260	192	1428
134	192	576
262	192	986
59	192	597
59	192	533
