1465
136	1	59
136	5	335	270	366	283	75
474	1	20
474	5	335	270	366	283	75
80	12	472	169	319	222	316	262	375	358	197	140	455	232
80	21	335	498	393	304	63	212	292	464	173	388	158	328	318	414	324	458	34	273	352	389	323
470	8	180	472	169	222	358	316	373	342
470	13	335	279	263	218	320	281	306	163	257	484	3	230	189
434	2	59	20
434	1	335
984	10	36	59	20	476	488	260	134	171	350	175
984	11	287	38	81	461	309	129	479	450	94	93	143
1072	1	222
1072	7	287	129	248	85	450	162	467
1068	1	472
1068	9	287	38	81	129	248	85	450	162	467
426	1	169
426	9	287	38	81	129	248	85	450	162	467
1095	1	358
1095	7	287	129	248	85	450	162	467
156	1	316
156	7	287	129	248	85	450	162	467
245	1	140
245	7	287	129	248	85	450	162	467
1450	1	319
1450	9	287	38	81	129	248	85	450	162	467
770	1	197
770	1	287
1001	1	455
1001	7	287	129	248	85	450	162	467
645	1	232
645	7	287	129	248	85	450	162	467
906	2	420	300
906	3	287	129	450
758	1	196
758	3	287	129	450
1255	1	14
1255	3	287	129	450
980	2	420	300
980	4	287	130	202	216
1025	1	300
1025	1	287
177	1	59
177	1	28
458	2	420	300
458	3	28	485	40
425	1	36
425	3	207	454	240
305	1	59
305	3	207	454	240
767	1	260
767	3	207	454	240
595	1	134
595	3	207	454	240
783	8	373	342	180	242	223	375	262	169
783	35	207	41	454	340	64	79	480	27	459	426	246	108	238	334	298	54	172	437	122	156	284	256	69	8	348	308	326	312	502	497	448	45	380	37	240
900	1	420
900	4	207	454	21	240
1041	1	300
1041	4	207	454	21	240
1288	2	420	300
1288	1	207
1173	1	22
1173	1	207
1418	2	300	420
1418	9	211	444	125	446	421	4	19	99	86
144	10	36	59	20	476	488	260	134	171	350	175
144	5	211	429	245	383	234
270	1	300
270	1	211
1397	7	36	488	134	59	20	175	260
1397	78	322	498	500	393	67	304	102	63	212	381	391	440	250	292	1	432	334	298	442	351	144	337	88	460	152	145	54	315	6	165	154	318	417	44	71	191	470	167	135	266	8	382	332	394	402	136	276	199	83	369	285	97	236	174	286	137	453	131	34	297	105	379	404	273	178	225	87	502	463	352	353	255	291	120	356	0	106	447
132	1	300
132	1	322
370	4	300	420	59	20
370	7	322	365	324	475	68	403	323
436	10	420	300	59	134	171	350	175	20	476	488
436	61	477	378	161	208	279	365	303	181	27	198	160	263	425	24	82	396	113	42	299	265	333	301	372	193	55	376	401	306	280	368	295	258	163	257	209	29	406	484	15	23	204	366	73	283	439	68	377	12	311	434	188	114	310	288	448	65	452	75	37	60	313
781	10	36	59	20	476	488	260	134	171	350	175
781	8	477	130	392	254	306	103	462	469
22	5	180	262	375	342	373
22	8	477	237	224	85	49	66	34	352
506	1	300
506	1	477
617	1	36
617	1	378
1242	1	59
1242	1	378
1100	1	20
1100	1	378
94	1	476
94	1	378
1313	1	488
1313	1	378
504	5	203	164	363	397	239
504	1	378
587	16	242	180	375	262	222	472	169	358	316	342	140	232	373	319	197	455
587	77	161	208	501	347	166	132	370	354	325	200	305	425	309	146	443	396	360	42	333	179	329	88	228	474	315	220	376	89	6	227	479	30	177	194	44	412	116	470	433	167	58	135	266	321	183	142	290	153	241	62	314	478	202	286	243	61	204	104	366	385	73	495	157	283	190	439	377	252	434	338	114	35	451	216	452	75	356
26	2	420	300
26	3	161	425	42
1254	2	420	300
1254	6	39	253	173	227	433	331
680	3	420	196	14
680	4	39	253	446	331
184	1	300
184	3	39	253	331
940	1	36
940	2	41	340
118	1	59
118	3	41	340	256
134	1	20
134	3	41	340	256
1447	2	300	420
1447	7	41	81	340	227	256	4	162
636	3	59	20	36
636	7	41	81	340	113	144	245	256
528	1	197
528	8	38	81	129	248	85	450	162	467
649	1	420
649	1	38
1337	1	300
1337	1	38
562	1	260
562	1	272
1444	1	134
1444	1	272
355	1	36
355	1	272
950	1	59
950	1	272
1074	11	262	375	180	201	84	242	222	472	169	358	316
1074	21	272	186	491	461	399	5	148	21	416	394	155	91	344	25	404	185	217	268	17	374	408
989	1	420
989	1	272
131	1	300
131	1	272
752	2	59	300
752	2	272	320
196	10	36	59	20	476	488	260	134	171	350	175
196	13	466	261	405	50	248	327	267	57	96	115	407	217	336
603	1	59
603	3	466	327	66
1259	1	20
1259	3	466	327	66
1453	1	476
1453	3	466	327	66
1332	1	488
1332	3	466	327	66
25	1	134
25	3	466	327	66
1334	1	171
1334	3	466	327	66
1163	1	350
1163	3	466	327	66
1304	1	175
1304	3	466	327	66
1331	4	420	300	196	14
1331	4	466	327	96	407
162	4	420	300	59	20
162	3	466	406	178
1280	4	242	180	342	373
1280	2	466	324
313	1	420
313	1	466
1284	1	300
1284	1	466
1318	1	59
1318	7	138	384	218	119	281	31	127
1139	1	59
1139	3	138	302	119
398	1	134
398	3	138	302	119
326	1	59
326	1	78
955	1	400
955	1	78
707	1	300
707	2	498	63
993	1	300
993	2	498	63
1208	1	472
1208	1	500
456	1	472
456	1	500
1211	1	22
1211	1	500
219	13	180	242	342	472	140	319	197	455	232	222	169	358	316
219	25	208	181	112	24	82	265	26	372	152	55	154	267	257	94	406	270	147	96	139	12	407	143	288	468	60
1058	2	420	300
1058	1	208
769	1	59
769	3	410	249	189
1078	2	420	300
1078	16	501	325	305	111	443	360	109	194	296	412	233	314	478	202	104	385
1364	2	420	300
1364	2	501	267
215	6	420	300	36	20	476	488
215	4	501	154	215	285
676	12	260	134	36	59	20	476	488	171	350	175	420	300
676	13	501	347	198	53	361	227	162	244	170	34	101	35	0
863	1	140
863	2	501	198
408	1	319
408	3	501	198	72
1159	1	222
1159	2	501	198
59	1	472
59	3	501	198	72
684	3	262	375	242
684	4	501	198	360	105
899	1	420
899	2	501	248
1190	1	300
1190	3	501	248	312
568	2	300	420
568	8	279	32	218	320	281	163	86	188
556	2	300	180
556	2	279	253
907	1	300
907	1	279
15	6	59	20	476	488	300	420
15	2	279	352
812	4	36	59	20	420
812	4	279	237	13	157
1134	2	420	300
1134	4	81	113	4	162
514	1	472
514	1	81
298	1	14
298	1	81
1358	12	342	180	222	472	169	358	316	140	319	197	455	232
1358	4	81	116	147	240
795	2	420	300
795	7	454	294	436	165	123	137	230
748	1	22
748	1	454
1011	4	36	59	260	134
1011	4	347	132	329	30
78	1	300
78	1	347
638	4	180	300	242	342
638	6	347	200	126	227	117	168
1157	1	36
1157	8	229	294	474	398	139	419	231	343
1027	3	59	36	488
1027	11	229	424	146	294	474	398	61	139	419	231	343
318	1	300
318	1	229
806	3	59	300	420
806	3	229	482	305
1010	2	274	418
1010	1	229
173	6	59	300	420	20	134	171
173	54	186	480	130	107	399	459	128	426	429	108	182	92	26	148	245	172	126	122	187	156	72	103	259	110	357	462	133	91	430	395	74	289	344	348	326	10	465	371	151	435	312	383	219	205	185	77	497	45	226	268	234	486	471	374
327	1	300
327	1	186
625	2	300	420
625	2	64	195
77	1	300
77	2	64	459
216	1	300
216	1	64
1174	1	22
1174	6	64	325	443	314	73	114
1026	2	420	300
1026	20	490	166	438	361	228	220	284	177	293	48	469	321	493	16	445	157	252	277	403	494
618	4	59	20	300	420
618	4	490	3	18	189
723	1	164
723	1	490
571	2	363	164
571	2	490	485
865	1	472
865	1	393
1264	1	319
1264	1	393
321	1	472
321	1	67
1281	1	319
1281	1	67
718	2	300	420
718	1	67
404	5	36	59	20	476	488
404	1	491
1388	5	260	134	171	350	175
1388	1	491
49	1	420
49	1	491
564	1	300
564	1	491
1224	10	36	59	260	134	171	350	175	20	476	488
1224	8	79	112	362	414	66	307	147	468
252	1	473
252	1	79
357	1	400
357	1	79
1213	1	22
1213	1	79
120	5	59	20	476	488	134
120	2	480	371
277	1	59
277	1	480
1354	1	20
1354	1	480
755	2	59	20
755	1	480
207	1	222
207	1	365
1044	1	300
1044	4	304	387	273	35
1175	2	36	20
1175	4	390	482	481	158
779	1	59
779	3	390	482	481
678	1	20
678	4	390	482	481	408
641	1	476
641	4	390	482	481	408
1112	1	488
1112	2	390	481
240	1	300
240	2	390	481
448	4	488	36	59	20
448	24	390	166	132	381	160	24	481	334	329	376	30	177	58	29	142	453	190	434	178	338	288	502	216	452
411	1	488
411	2	390	481
679	5	36	59	488	260	175
679	13	444	198	440	111	367	421	296	71	117	19	23	105	87
1088	5	206	503	316	222	472
1088	5	444	111	421	19	86
878	4	59	20	476	488
878	4	444	421	19	86
1170	5	420	300	59	134	20
1170	6	444	329	30	163	434	502
523	2	420	300
523	1	444
1328	4	260	36	20	171
1328	2	444	324
573	1	242
573	4	130	103	462	226
675	1	180
675	4	130	103	462	226
1312	4	420	300	36	59
1312	6	130	212	367	462	226	234
178	2	300	420
178	7	130	181	212	367	194	462	226
422	10	36	59	20	476	488	260	134	171	350	175
422	4	130	460	183	57
213	3	242	180	375
213	3	130	277	216
251	2	420	300
251	1	130
1037	8	59	20	476	488	134	171	350	175
1037	1	130
164	2	206	121
164	1	166
1085	1	300
1085	1	166
669	1	14
669	1	166
747	1	300
747	1	461
96	1	22
96	4	461	251	487	143
16	1	242
16	3	107	125	4
1406	1	180
1406	3	107	125	4
149	1	420
149	1	107
1075	1	300
1075	1	107
378	1	300
378	2	102	442
27	2	300	420
27	3	102	18	264
986	15	180	375	222	472	169	358	316	373	342	164	363	411	422	242	262
986	12	102	409	355	44	183	445	285	93	277	264	149	192
1293	2	300	420
1293	3	102	394	344
836	1	300
836	1	132
1353	1	488
1353	2	482	408
590	5	222	472	169	358	316
590	1	482
916	11	222	472	169	358	316	319	180	140	197	455	232
916	5	482	396	327	236	106
501	1	134
501	2	302	40
1355	1	171
1355	2	302	40
941	1	59
941	3	302	46	40
773	1	134
773	2	303	93
239	1	171
239	2	303	93
577	1	59
577	1	303
142	2	300	420
142	8	251	392	349	355	416	155	504	487
1249	1	59
1249	7	251	263	349	351	72	395	487
354	1	20
354	5	251	349	150	465	487
730	1	476
730	5	251	349	150	465	487
951	1	488
951	4	251	349	150	487
861	1	180
861	1	251
1130	1	300
1130	2	181	12
943	1	36
943	1	370
473	1	59
473	1	370
1215	1	20
1215	1	370
311	1	476
311	1	370
105	1	488
105	1	370
768	1	300
768	2	370	430
908	2	420	300
908	1	27
447	1	300
447	1	399
1391	1	319
1391	1	212
919	1	472
919	1	212
784	1	300
784	1	198
700	4	300	36	59	488
700	2	381	291
9	1	472
9	1	381
589	3	420	300	59
589	4	125	361	269	270
591	2	59	20
591	1	391
990	1	420
990	3	391	341	214
3	1	300
3	3	391	341	214
1169	1	36
1169	1	184
379	1	59
379	1	184
167	1	7
167	1	184
1271	1	476
1271	1	184
1285	1	488
1285	1	184
928	3	375	222	472
928	3	184	432	219
1402	11	7	36	59	20	476	488	260	134	171	350	175
1402	2	184	106
296	1	300
296	1	160
278	1	36
278	1	160
845	1	59
845	1	160
1071	2	260	59
1071	2	160	105
937	2	134	36
937	2	160	105
356	7	262	375	222	472	169	358	316
356	5	160	246	357	433	389
1102	1	59
1102	2	440	71
106	1	260
106	1	354
690	1	134
690	1	354
627	2	59	20
627	1	354
32	10	472	169	222	358	316	342	140	319	180	242
32	18	354	200	292	372	177	116	58	69	142	153	23	243	18	312	495	157	451	471
1260	1	300
1260	1	354
1437	2	342	373
1437	6	392	150	72	469	321	252
623	1	300
623	1	392
597	4	36	488	59	20
597	6	392	237	283	149	192	313
1004	4	342	472	169	180
1004	3	392	205	101
218	1	300
218	1	392
520	1	300
520	1	392
1296	2	420	300
1296	4	325	443	412	414
1099	1	300
1099	1	459
527	1	300
527	1	51
481	1	300
481	1	51
1290	1	300
1290	1	128
952	1	260
952	4	200	153	243	495
1152	1	134
1152	4	200	153	243	495
1083	1	171
1083	4	200	153	243	495
293	1	350
293	4	200	153	243	495
780	1	175
780	4	200	153	243	495
1209	1	36
1209	3	200	238	236
260	1	59
260	3	200	238	236
1387	1	20
1387	4	200	238	372	236
465	1	476
465	4	200	238	372	236
1192	1	488
1192	2	200	372
648	2	420	300
648	2	200	409
866	1	420
866	1	200
1272	1	300
1272	1	200
330	2	420	300
330	2	112	182
509	1	260
509	1	112
719	1	134
719	1	112
1221	1	171
1221	1	112
1150	1	350
1150	1	112
872	1	175
872	1	112
1096	1	36
1096	2	112	389
1456	1	59
1456	2	112	389
560	1	20
560	1	112
242	1	476
242	1	112
685	1	488
685	1	112
314	1	420
314	1	112
851	1	300
851	1	112
1077	5	36	59	20	488	134
1077	5	112	246	88	328	324
1342	2	59	20
1342	1	112
244	1	59
244	2	112	13
297	1	20
297	2	112	13
1098	1	222
1098	1	112
867	2	20	36
867	6	263	351	150	72	395	465
181	1	300
181	1	263
291	1	300
291	1	263
999	2	420	300
999	1	253
819	1	242
819	1	253
1148	1	420
1148	1	253
555	1	420
555	1	253
457	1	300
457	1	24
223	1	260
223	2	24	133
122	1	134
122	2	24	133
1069	1	171
1069	1	24
734	1	350
734	1	24
1176	1	175
1176	1	24
497	5	140	319	197	455	232
497	1	24
809	11	36	59	20	476	488	260	134	171	350	175	300
809	7	24	329	355	327	101	434	389
64	3	180	373	342
64	3	24	13	240
1459	1	420
1459	1	24
197	10	260	134	171	350	175	36	59	20	476	488
197	2	24	30
1409	1	242
1409	1	24
1091	1	300
1091	1	24
146	1	36
146	1	24
344	1	59
344	1	24
632	1	20
632	1	24
578	1	476
578	1	24
10	1	488
10	1	24
1030	5	222	472	169	358	316
1030	1	24
1161	1	134
1161	1	235
182	1	171
182	1	235
307	1	59
307	1	235
1372	1	20
1372	1	235
694	1	300
694	2	82	55
1184	2	420	300
1184	4	82	168	96	356
886	1	175
886	1	82
651	1	488
651	1	82
453	1	300
453	1	82
1056	2	260	59
1056	4	5	237	224	49
87	2	134	36
87	4	5	237	224	49
1031	2	36	134
1031	4	5	237	224	49
1416	2	59	260
1416	4	5	237	224	49
1269	2	420	300
1269	1	5
390	1	247
390	1	438
551	1	483
551	1	438
175	1	420
175	1	438
724	1	300
724	1	438
91	1	300
91	3	485	98	11
629	4	59	20	420	300
629	4	485	312	149	471
1246	2	363	164
1246	2	485	215
1405	2	59	20
1405	2	250	1
490	1	14
490	1	292
1248	1	300
1248	1	426
681	1	300
681	1	426
485	1	300
485	1	32
1411	1	420
1411	2	32	40
2	2	300	420
2	2	32	366
272	5	36	59	20	476	488
272	1	32
737	6	342	262	375	373	180	242
737	6	32	294	150	469	163	484
477	1	300
477	1	32
558	3	300	420	20
558	5	111	429	388	270	457
1322	1	300
1322	1	43
1166	2	300	420
1166	3	43	214	192
269	1	300
269	2	43	37
1032	1	300
1032	5	43	21	99	377	323
1115	1	420
1115	5	43	21	99	377	323
1097	8	59	20	300	36	488	260	134	175
1097	6	309	284	155	326	176	379
521	1	59
521	1	309
939	2	20	134
939	2	309	53
176	2	342	373
176	2	309	146
1323	1	300
1323	2	309	396
405	1	420
405	1	309
1326	1	420
1326	1	309
81	1	260
81	1	424
924	2	175	134
924	6	424	294	474	398	139	419
813	2	488	36
813	3	424	146	61
778	1	300
778	1	424
371	1	420
371	1	424
1045	1	36
1045	1	146
954	1	59
954	1	146
1111	1	260
1111	1	146
1385	1	134
1385	1	146
483	1	420
483	2	146	289
1079	1	300
1079	2	146	289
788	1	36
788	1	246
570	1	59
570	2	246	427
1403	1	20
1403	2	246	427
79	1	476
79	2	246	427
689	1	488
689	2	246	427
310	1	260
310	1	246
1202	1	134
1202	1	246
1200	1	171
1200	2	246	427
1258	1	350
1258	1	246
957	1	175
957	2	246	427
157	2	420	300
157	1	246
35	2	260	134
35	1	246
237	1	59
237	1	246
8	1	222
8	3	261	57	170
116	1	472
116	3	261	57	170
796	1	169
796	3	261	57	170
44	1	358
44	3	261	57	170
735	1	316
735	3	261	57	170
1128	1	140
1128	3	261	57	170
1317	1	319
1317	3	261	57	170
1377	1	197
1377	3	261	57	170
1052	1	455
1052	3	261	57	170
33	1	232
33	3	261	57	170
526	1	420
526	1	261
187	1	300
187	1	261
1352	1	36
1352	3	341	496	264
1393	1	59
1393	3	341	496	264
1226	1	300
1226	3	341	496	264
775	1	36
775	1	464
829	1	300
829	1	464
39	1	420
39	1	429
443	1	300
443	1	429
13	1	300
13	1	429
657	1	59
657	1	396
30	1	20
30	1	396
1338	3	169	358	316
1338	1	113
121	2	420	300
121	7	360	346	48	394	344	366	283
280	2	300	420
280	6	360	48	394	344	478	389
1164	2	420	300
1164	4	360	48	394	344
468	2	300	420
468	4	360	48	394	344
722	2	420	300
722	3	360	312	101
480	2	300	420
480	2	360	460
798	1	300
798	1	360
1384	1	300
1384	1	95
1410	5	300	420	36	59	488
1410	6	95	431	382	332	236	310
482	5	180	262	375	472	169
482	4	95	445	277	70
125	1	300
125	1	95
442	4	59	20	476	488
442	2	108	45
12	1	22
12	2	108	45
716	1	420
716	2	238	437
1344	1	300
1344	2	238	437
395	1	488
395	2	238	236
126	1	260
126	1	238
1243	1	134
1243	1	238
751	1	171
751	1	238
896	1	350
896	1	238
759	1	175
759	1	238
1429	1	59
1429	2	275	56
335	1	420
335	1	173
631	1	300
631	1	173
444	1	260
444	1	173
488	1	134
488	1	173
1222	1	36
1222	1	173
275	1	59
275	1	173
948	6	20	476	488	171	350	175
948	1	173
83	1	420
83	1	173
997	1	300
997	1	173
264	2	420	300
264	1	173
1407	1	420
1407	1	173
88	1	300
88	1	173
898	2	420	300
898	1	173
674	1	242
674	1	173
1177	1	180
1177	1	173
1315	8	59	20	476	488	134	171	350	175
1315	1	173
654	1	14
654	1	182
460	2	420	300
460	2	182	324
55	2	492	47
55	1	182
974	1	420
974	1	182
1126	1	300
1126	1	182
320	1	420
320	1	182
662	1	300
662	1	182
1106	1	488
1106	1	334
1006	1	488
1006	1	334
1129	1	488
1129	1	334
1062	1	488
1062	1	334
1287	2	242	180
1287	1	109
1167	1	213
1167	1	298
437	1	489
437	1	298
756	2	472	180
756	2	271	9
28	1	472
28	1	271
1273	1	59
1273	1	92
168	1	260
168	1	254
532	1	134
532	1	254
1070	1	36
1070	1	254
972	1	59
972	1	254
17	1	420
17	1	254
220	1	300
220	1	254
946	2	420	300
946	1	254
606	1	420
606	1	254
512	1	300
512	1	254
300	2	180	242
300	3	364	215	423
274	1	400
274	1	364
609	2	499	80
609	1	364
1142	1	140
1142	3	237	224	49
519	1	319
519	3	237	224	49
1039	1	222
1039	3	237	224	49
1449	1	472
1449	3	237	224	49
1424	2	420	300
1424	2	237	49
1172	1	59
1172	2	237	313
945	2	20	36
945	3	237	240	313
1367	1	222
1367	1	237
97	1	36
97	14	388	328	290	162	241	458	25	170	467	230	35	278	389	17
959	1	59
959	14	388	328	290	162	241	458	25	170	467	230	35	278	389	17
672	1	20
672	2	388	328
349	1	476
349	2	388	328
811	1	488
811	2	388	328
1382	2	300	420
1382	2	388	458
418	12	36	59	20	476	488	260	134	171	350	175	420	300
418	9	388	88	154	284	280	285	458	435	96
462	3	169	358	316
462	2	299	280
821	1	300
821	1	349
517	1	140
517	1	405
11	1	319
11	1	405
787	1	197
787	1	405
1048	1	455
1048	1	405
1012	1	232
1012	1	405
987	1	222
987	1	405
765	1	472
765	1	405
1216	1	169
1216	1	405
1369	1	358
1369	1	405
1051	1	316
1051	1	405
880	2	420	300
880	4	405	248	377	278
1421	2	300	420
1421	4	405	248	377	278
602	1	420
602	3	405	248	278
494	1	300
494	3	405	248	278
52	1	420
52	1	362
345	1	300
345	1	362
1455	1	420
1455	1	362
1445	1	300
1445	1	362
934	2	222	472
934	2	50	115
372	1	400
372	2	50	115
910	2	420	300
910	1	248
554	1	242
554	1	248
172	1	180
172	1	248
227	2	36	59
227	1	359
1183	1	300
1183	2	218	281
484	1	300
484	1	265
417	1	420
417	1	367
1147	1	300
1147	1	367
385	1	300
385	1	367
1033	1	420
1033	1	367
583	1	222
583	2	367	135
98	1	316
98	2	367	8
566	1	140
566	2	367	135
155	1	232
155	2	367	8
652	1	134
652	1	46
238	1	171
238	1	46
1408	1	36
1408	1	46
1430	1	59
1430	1	46
932	1	20
932	1	46
1291	1	476
1291	1	46
202	1	488
202	1	46
289	1	260
289	1	46
1185	1	134
1185	1	46
211	1	171
211	1	46
714	1	350
714	1	46
742	1	175
742	1	46
319	2	262	375
319	1	46
610	1	420
610	1	46
130	1	300
130	1	46
696	1	59
696	1	333
82	1	20
82	1	333
413	2	36	59
413	2	320	118
717	1	300
717	1	351
840	1	300
840	2	351	439
1378	2	59	20
1378	1	351
337	1	59
337	1	26
585	1	20
585	1	26
139	1	59
139	1	26
1144	1	20
1144	1	26
24	1	59
24	1	26
857	1	20
857	1	26
1008	1	260
1008	5	294	474	398	139	419
1024	1	420
1024	3	294	165	137
607	2	300	420
607	5	294	165	215	137	423
159	2	420	300
159	5	294	436	165	123	137
642	2	300	420
642	5	294	436	165	123	137
1422	2	420	300
1422	6	294	436	165	123	137	230
1356	1	36
1356	1	294
799	1	59
799	1	294
1230	1	260
1230	1	294
805	1	134
805	1	294
267	1	300
267	1	214
890	1	472
890	2	144	453
415	2	420	300
415	3	144	402	282
741	1	473
741	1	144
428	1	59
428	1	144
1049	1	300
1049	1	409
708	1	300
708	1	409
191	1	300
191	2	409	133
1268	1	300
1268	1	409
693	2	472	319
693	3	53	244	457
830	1	59
830	1	53
839	1	134
839	1	53
1319	1	59
1319	1	53
697	1	342
697	1	301
243	1	420
243	1	386
643	1	300
643	1	386
750	1	300
750	1	148
1047	1	36
1047	1	179
491	1	59
491	1	179
171	1	20
171	1	179
525	1	476
525	1	179
581	1	488
581	1	179
869	1	36
869	1	179
524	1	59
524	1	179
1132	1	20
1132	1	179
1187	1	476
1187	1	179
698	1	488
698	1	179
0	1	59
0	1	372
204	4	59	20	476	488
204	1	372
996	1	260
996	3	436	269	13
1014	1	134
1014	3	436	269	13
63	1	36
63	3	436	269	13
1127	1	59
1127	3	436	269	13
856	2	300	420
856	1	436
843	2	300	420
843	3	436	123	230
110	2	420	300
110	3	436	123	230
133	1	375
133	1	361
451	6	420	300	36	20	476	488
451	2	361	245
18	1	420
18	1	361
1155	1	300
1155	1	361
510	1	300
510	1	361
41	1	134
41	2	158	168
600	1	171
600	1	158
391	1	59
391	2	158	408
203	2	420	300
203	1	158
995	1	300
995	1	193
677	1	300
677	1	193
48	1	260
48	1	124
224	1	134
224	1	124
1389	1	59
1389	2	124	295
152	1	20
152	2	124	295
189	1	300
189	1	124
712	1	59
712	3	329	30	216
575	3	180	222	472
575	4	329	280	435	434
927	2	36	488
927	3	329	434	268
572	1	59
572	2	329	434
1235	1	20
1235	2	329	434
1348	1	476
1348	2	329	434
246	1	488
246	2	329	434
487	1	472
487	1	337
165	1	420
165	1	88
852	1	300
852	1	88
1339	2	420	300
1339	3	88	283	408
1400	2	36	488
1400	1	88
983	1	36
983	2	460	484
592	1	59
592	2	460	484
853	1	20
853	1	460
179	1	476
179	1	460
1275	1	488
1275	1	460
892	5	222	472	169	358	316
892	3	460	117	336
471	1	300
471	1	460
1120	1	300
1120	1	460
725	5	140	319	197	455	232
725	1	460
303	1	300
303	1	460
935	1	300
935	1	460
198	1	300
198	1	460
467	1	300
467	1	460
1153	1	300
1153	1	460
394	1	375
394	1	460
365	2	420	300
365	1	460
129	2	36	420
129	2	152	194
38	1	59
38	1	152
1090	5	36	59	20	476	488
1090	1	228
42	1	300
42	1	228
433	1	472
433	1	145
1234	1	36
1234	1	245
565	1	59
565	1	245
145	1	20
145	1	245
529	1	476
529	1	245
127	1	488
127	1	245
622	1	134
622	1	431
594	1	59
594	1	431
1244	1	242
1244	1	431
766	1	180
766	1	431
1436	10	134	171	350	175	59	20	476	488	260	36
1436	2	431	135
351	1	420
351	1	474
328	1	300
328	1	474
1274	1	420
1274	1	54
1457	1	300
1457	1	54
753	1	420
753	1	315
731	1	300
731	1	315
944	2	420	300
944	1	315
1136	1	300
1136	1	220
262	1	59
262	1	172
691	2	300	420
691	1	437
43	1	180
43	3	437	402	282
1020	1	242
1020	3	437	402	282
199	3	36	59	20
199	1	126
1158	1	300
1158	1	126
1232	4	300	59	20	420
1232	9	126	215	269	321	147	252	205	403	313
400	1	300
400	1	126
1431	1	59
1431	2	376	434
738	1	134
738	1	224
1263	1	59
1263	1	224
113	1	134
113	1	224
1113	1	59
1113	1	224
108	1	59
108	3	89	475	317
92	1	20
92	3	89	475	317
715	2	300	420
715	2	89	415
100	1	300
100	1	122
93	1	300
93	1	387
407	1	300
407	1	387
46	1	22
46	1	387
1357	1	300
1357	1	401
1151	1	300
1151	1	401
667	2	420	300
667	1	150
978	1	59
978	2	150	465
1443	2	260	171
1443	2	150	72
368	1	134
368	1	150
876	1	171
876	1	150
286	1	350
286	1	150
322	1	175
322	1	150
831	1	420
831	1	150
498	1	300
498	2	150	104
1038	1	36
1038	2	150	469
1154	1	59
1154	2	150	469
1463	1	260
1463	2	150	469
1270	1	134
1270	2	150	469
1294	1	420
1294	3	150	469	484
292	1	300
292	3	150	469	484
848	1	420
848	2	6	195
140	1	300
140	2	6	195
633	1	36
633	1	6
1435	1	260
1435	1	6
423	2	36	260
423	1	6
99	5	36	59	20	476	488
99	1	328
979	1	59
979	1	328
1180	1	300
1180	1	328
367	1	300
367	2	98	11
534	1	420
534	1	355
1104	1	36
1104	3	355	153	495
102	1	59
102	3	355	153	495
820	1	20
820	1	355
545	1	476
545	1	355
241	1	488
241	1	355
663	1	300
663	1	355
325	1	300
325	1	355
936	3	180	472	316
936	4	187	417	430	369
361	10	36	20	260	134	171	350	175	59	476	488
361	9	187	368	357	406	290	241	157	185	268
1366	1	300
1366	1	187
958	4	59	20	476	488
958	1	187
960	4	59	20	476	488
960	2	187	234
1267	1	300
1267	1	154
683	1	363
683	1	215
1413	1	300
1413	1	479
89	1	420
89	1	479
478	1	300
478	1	479
776	1	420
776	1	479
749	1	300
749	1	479
969	1	420
969	1	479
695	1	59
695	1	30
826	1	134
826	1	30
658	1	134
658	1	30
301	1	300
301	1	30
1121	1	14
1121	1	30
1349	1	36
1349	1	30
1181	1	59
1181	1	30
546	1	20
546	1	30
858	1	476
858	1	30
1309	1	488
1309	1	30
670	2	59	300
670	2	156	497
1401	2	59	300
1401	2	156	497
253	1	22
253	3	156	318	497
1374	1	300
1374	1	428
598	1	420
598	1	428
406	1	22
406	1	428
109	1	14
109	2	318	143
419	1	14
419	1	318
1007	1	180
1007	1	284
817	1	59
817	1	284
877	1	20
877	1	284
726	1	36
726	1	284
440	1	476
440	1	284
445	1	488
445	1	284
569	1	472
569	1	177
1053	2	59	36
1053	1	194
637	1	300
637	1	194
580	2	420	300
580	1	194
1415	2	180	242
1415	1	194
256	2	420	300
256	1	194
973	1	300
973	1	306
666	1	59
666	2	306	133
435	1	20
435	2	306	133
248	1	36
248	2	306	133
273	1	476
273	2	306	133
1080	1	488
1080	2	306	133
792	1	134
792	1	72
432	2	196	14
432	2	72	117
1465	1	169
1465	1	72
1116	1	197
1116	1	72
1057	2	300	420
1057	1	72
579	1	180
579	1	72
1233	1	242
1233	1	72
54	1	300
54	1	72
1239	1	420
1239	1	72
1278	1	300
1278	1	417
833	1	472
833	2	417	453
141	2	300	420
141	2	21	415
347	4	59	36	134	260
347	1	346
1458	1	300
1458	4	346	269	13	123
334	1	420
334	4	346	269	13	123
190	2	420	300
190	3	280	221	199
402	7	242	472	222	169	358	316	180
402	3	280	74	289
1022	2	222	472
1022	1	280
366	1	36
366	1	256
704	1	36
704	1	85
772	1	59
772	1	85
771	1	20
771	13	85	290	162	241	458	25	170	467	230	35	278	389	17
333	1	476
333	1	85
476	1	488
476	1	85
518	1	260
518	1	85
183	1	134
183	1	85
1363	1	171
1363	9	85	58	142	162	458	170	467	230	278
733	1	350
733	1	85
550	1	175
550	1	85
285	1	420
285	1	85
163	1	300
163	1	85
374	1	420
374	1	103
1123	1	300
1123	1	103
956	1	300
956	1	269
894	1	300
894	1	269
1108	1	300
1108	1	296
914	2	420	300
914	2	296	204
230	2	59	134
230	1	44
849	2	59	134
849	1	44
975	1	300
975	1	259
841	3	400	420	300
841	2	259	170
104	1	2
104	1	110
1412	1	159
1412	1	110
342	1	134
342	1	110
1028	1	59
1028	1	110
316	1	36
316	1	368
1228	2	20	59
1228	2	368	233
1035	1	20
1035	1	368
874	1	134
874	3	90	330	192
290	1	59
290	3	90	330	192
209	1	300
209	1	117
180	1	472
180	4	191	285	353	106
188	1	300
188	1	412
1084	1	300
1084	2	412	74
1206	1	300
1206	1	13
1117	1	420
1117	1	13
762	1	300
762	1	13
692	1	420
692	1	13
1000	1	300
1000	1	13
429	1	420
429	1	13
661	1	300
661	1	13
268	1	260
268	4	116	183	190	451
1059	1	134
1059	4	116	183	190	451
871	1	171
871	4	116	183	190	451
499	1	350
499	4	116	183	190	451
112	1	175
112	4	116	183	190	451
115	1	36
115	2	116	183
1171	1	59
1171	2	116	183
37	1	20
37	4	116	183	153	495
29	1	476
29	2	116	183
469	1	488
469	2	116	183
331	1	300
331	1	116
376	1	300
376	1	116
231	1	300
231	1	116
114	1	180
114	2	76	141
393	1	400
393	1	76
1217	2	274	418
1217	2	76	141
312	1	36
312	1	470
439	1	260
439	1	470
1141	2	242	472
1141	3	357	133	65
1433	5	36	59	20	476	488
1433	2	357	433
1333	1	300
1333	1	357
206	1	300
206	1	293
276	1	420
276	1	293
782	1	300
782	1	293
542	1	420
542	1	293
57	1	420
57	1	433
1376	1	300
1376	1	433
1195	2	300	420
1195	1	433
687	1	300
687	1	433
1196	1	420
1196	1	433
363	2	262	375
363	1	433
596	2	300	420
596	1	433
21	1	36
21	1	233
917	1	300
917	1	233
619	1	300
619	1	295
1394	1	300
1394	1	167
1156	1	420
1156	1	167
358	2	300	420
358	1	324
1362	2	476	350
1362	1	324
279	2	488	175
279	1	324
86	1	171
86	1	168
1042	1	350
1042	1	168
185	1	175
185	1	168
20	4	319	197	455	232
20	1	168
214	5	59	20	476	488	36
214	1	168
1110	1	300
1110	1	168
1292	1	420
1292	1	168
222	2	300	420
222	1	168
893	1	319
893	1	327
968	1	472
968	1	327
538	1	319
538	1	327
1261	1	472
1261	1	327
557	2	300	420
557	2	258	100
1064	2	300	420
1064	2	48	441
994	1	420
994	1	48
549	2	134	59
549	1	330
1207	1	260
1207	8	58	142	162	458	170	467	230	278
258	1	134
258	8	58	142	162	458	170	467	230	278
1454	1	350
1454	8	58	142	162	458	170	467	230	278
930	1	175
930	8	58	142	162	458	170	467	230	278
53	1	300
53	1	58
835	1	260
835	1	58
1182	1	134
1182	1	58
1086	1	59
1086	1	58
1223	1	20
1223	1	58
673	1	300
673	1	58
346	1	260
346	1	69
14	1	134
14	1	69
1029	1	36
1029	1	69
616	1	59
616	1	69
1448	2	260	300
1448	2	69	416
1360	1	134
1360	1	69
1191	1	36
1191	1	69
1067	1	59
1067	1	69
56	2	300	420
56	1	69
1441	1	300
1441	1	133
925	1	171
925	1	133
942	1	350
942	1	133
208	1	175
208	1	133
828	1	140
828	1	133
745	1	319
745	1	133
515	1	197
515	1	133
736	1	455
736	1	133
797	1	232
797	1	133
1201	1	222
1201	1	133
626	1	472
626	1	133
1054	1	169
1054	1	133
338	1	358
338	1	133
505	1	316
505	1	133
1178	4	342	373	180	242
1178	2	133	471
348	1	300
348	1	133
410	1	420
410	1	133
1065	1	140
1065	1	266
1395	1	222
1395	1	266
1125	1	140
1125	1	266
634	1	222
634	1	266
862	1	260
862	1	66
380	1	36
380	1	66
922	2	300	420
922	1	66
882	1	300
882	1	416
668	1	300
668	1	416
1386	1	300
1386	1	416
732	1	300
732	1	469
891	1	59
891	1	321
947	1	300
947	1	382
547	1	300
547	1	163
271	1	59
271	1	163
1168	2	20	36
1168	2	163	264
70	1	300
70	1	163
1390	1	14
1390	1	332
1013	1	472
1013	1	257
552	1	300
552	2	394	344
421	2	36	260
421	1	402
288	1	300
288	1	402
800	1	420
800	1	402
965	1	300
965	2	155	452
259	1	134
259	1	427
1015	1	350
1015	1	427
229	1	180
229	1	427
1034	1	242
1034	1	427
489	2	300	420
489	1	427
991	2	300	420
991	1	427
635	2	300	420
635	1	427
710	1	22
710	1	427
544	2	47	492
544	5	493	16	445	277	403
1238	1	47
1238	1	493
887	1	59
887	1	33
901	2	300	420
901	1	94
774	1	59
774	1	94
1145	1	300
1145	1	183
235	1	300
235	1	91
859	1	52
859	1	16
846	1	210
846	1	16
76	2	472	169
76	1	475
605	1	472
605	1	136
45	1	59
45	3	209	93	336
593	1	20
593	3	209	93	336
5	2	472	169
5	1	209
1371	1	300
1371	1	449
60	1	400
60	1	141
1460	1	134
1460	1	141
895	1	36
895	1	141
160	1	59
160	1	141
1432	1	36
1432	5	345	62	149	456	282
868	1	59
868	5	345	62	149	456	282
739	1	300
739	2	345	149
50	1	180
50	2	395	465
599	1	300
599	1	395
364	1	300
364	1	395
870	1	59
870	1	74
1373	1	300
1373	1	74
912	1	300
912	1	9
998	1	300
998	1	29
61	1	59
61	1	406
103	1	420
103	1	57
431	1	300
431	1	57
918	1	300
918	1	57
1194	1	300
1194	1	57
1392	1	342
1392	1	57
62	1	59
62	1	57
582	1	20
582	1	57
257	1	36
257	1	57
889	1	300
889	1	221
1265	1	300
1265	1	221
729	1	420
729	2	221	199
1383	1	300
1383	2	221	199
503	1	59
503	1	142
323	1	476
323	12	290	162	241	458	25	170	467	230	35	278	389	17
6	1	488
6	12	290	162	241	458	25	170	467	230	35	278	389	17
615	1	300
615	2	290	241
653	2	36	375
653	4	276	199	205	178
815	1	20
815	1	484
537	1	476
537	1	484
541	1	488
541	1	484
492	5	59	20	36	476	488
492	1	484
744	1	260
744	1	484
823	1	134
823	1	484
1426	1	36
1426	1	484
612	1	59
612	1	484
388	1	476
388	2	153	495
721	1	488
721	2	153	495
970	1	300
970	2	153	495
343	1	300
343	1	307
72	1	400
72	1	307
427	1	59
427	1	118
967	1	36
967	1	118
574	1	59
574	1	118
454	1	134
454	1	118
1162	1	36
1162	2	83	297
754	1	22
754	2	83	297
117	2	420	300
117	2	445	277
1446	1	59
1446	2	289	151
926	2	420	300
926	1	289
875	1	420
875	1	398
232	1	300
232	1	398
1277	2	420	300
1277	1	308
621	10	140	319	197	455	232	222	472	169	358	316
621	1	308
923	2	420	300
923	1	308
283	1	488
283	1	369
66	1	36
66	1	369
1419	1	59
1419	1	369
373	1	260
373	1	369
879	1	134
879	1	369
699	1	420
699	1	369
111	1	300
111	1	369
953	10	36	59	20	476	488	260	134	171	350	175
953	2	285	216
977	1	300
977	1	285
1005	1	180
1005	1	326
466	1	420
466	1	10
507	1	300
507	1	10
971	1	260
971	1	62
801	1	134
801	1	62
608	1	171
608	1	62
727	1	350
727	1	62
84	1	175
84	1	62
611	1	319
611	1	97
1165	1	472
1165	1	97
981	1	134
981	1	97
1310	1	59
1310	1	97
1420	3	59	420	300
1420	2	270	282
359	1	20
359	1	270
818	2	420	300
818	1	314
1282	1	488
1282	1	465
1122	1	300
1122	1	465
1186	1	59
1186	2	3	413
1089	1	300
1089	2	3	189
161	1	300
161	1	236
1247	1	300
1247	1	236
822	1	260
822	1	236
763	1	134
763	1	236
174	1	59
174	1	236
1188	1	20
1188	1	236
455	2	300	420
455	1	236
403	2	420	300
403	1	478
613	2	420	300
613	1	478
709	1	22
709	1	478
713	1	319
713	1	244
1103	1	472
1103	1	244
1253	1	420
1253	1	244
785	1	300
785	1	244
67	1	420
67	1	458
233	1	300
233	1	458
807	1	159
807	1	371
761	1	2
761	1	371
1002	2	134	300
1002	2	371	486
929	2	59	420
929	2	371	486
640	1	134
640	1	371
1118	1	59
1118	1	371
493	1	36
493	1	371
530	1	59
530	1	15
1451	1	59
1451	1	15
381	1	260
381	1	123
1314	1	134
1314	1	123
966	1	36
966	1	123
153	1	59
153	1	123
881	2	420	300
881	2	123	147
1143	2	242	180
1143	1	123
563	1	420
563	1	123
794	1	300
794	1	123
1236	1	22
1236	1	123
1452	1	472
1452	1	174
1138	1	420
1138	1	202
210	1	300
210	1	202
332	2	420	300
332	2	202	385
254	1	420
254	1	202
1205	1	300
1205	1	202
1434	1	300
1434	1	504
1218	1	300
1218	1	25
47	1	300
47	1	286
1252	1	420
1252	1	286
1146	1	300
1146	1	286
686	1	420
686	1	286
1320	1	300
1320	1	286
553	1	420
553	1	286
1380	1	22
1380	1	286
496	1	196
496	1	435
909	1	14
909	1	435
1021	1	196
1021	1	435
720	1	14
720	1	435
682	1	196
682	1	435
639	1	14
639	1	435
1321	1	300
1321	1	435
430	1	472
430	1	23
559	1	300
559	1	23
486	1	59
486	1	23
1298	1	20
1298	1	23
1241	2	472	169
1241	1	23
1329	1	180
1329	1	23
586	1	300
586	1	23
644	1	36
644	1	243
664	1	59
664	1	243
148	1	20
148	1	243
51	1	476
51	1	243
1325	1	488
1325	1	243
838	1	300
838	1	243
1343	1	300
1343	1	243
23	1	260
23	1	243
1256	1	134
1256	1	243
1295	1	171
1295	1	243
228	1	350
228	1	243
1330	1	175
1330	1	243
647	1	242
647	1	243
1381	1	420
1381	1	243
905	1	36
905	1	243
824	1	59
824	1	243
1423	1	20
1423	1	243
401	1	476
401	1	243
255	1	488
255	1	243
170	5	203	164	363	397	239
170	1	243
1301	1	300
1301	1	243
225	2	472	169
225	1	317
1245	1	59
1245	1	317
137	1	20
137	1	317
804	1	180
804	1	487
1306	1	59
1306	1	176
604	1	22
604	1	176
495	2	180	242
495	1	176
931	1	472
931	1	93
985	1	169
985	1	93
1040	1	319
1040	1	93
68	1	197
68	1	93
294	1	420
294	1	93
1250	1	300
1250	1	93
352	1	59
352	1	18
263	1	300
263	1	18
1308	1	222
1308	1	147
1082	1	140
1082	1	147
212	1	373
212	1	147
1279	1	300
1279	1	147
988	1	36
988	1	147
1137	1	59
1137	1	147
802	1	20
802	1	147
982	1	476
982	1	147
1197	1	488
1197	1	147
452	1	342
452	1	204
315	1	420
315	1	104
441	1	59
441	1	453
1050	1	22
1050	1	131
1414	1	420
1414	1	467
143	1	300
143	1	467
803	3	242	180	262
803	2	366	100
1399	1	420
1399	1	366
921	1	300
921	1	366
36	2	420	300
36	2	96	230
1046	2	300	420
1046	2	96	230
384	1	180
384	2	34	0
1076	1	300
1076	2	34	0
624	1	300
624	2	34	0
1231	1	300
1231	2	34	0
1345	1	420
1345	1	34
500	1	300
500	1	34
1464	2	420	300
1464	2	385	65
567	1	300
567	1	385
247	1	59
247	1	105
1302	1	222
1302	1	105
561	1	472
561	1	105
353	1	300
353	1	105
446	1	300
446	2	73	114
138	1	420
138	2	73	114
40	1	300
40	1	312
383	1	242
383	1	383
340	1	180
340	1	383
791	1	420
791	2	383	352
1237	1	300
1237	1	383
261	2	420	300
261	1	139
1289	1	36
1289	1	157
743	1	59
743	1	157
1119	1	242
1119	1	157
249	1	36
249	1	157
1462	1	59
1462	1	157
1061	1	20
1061	1	157
1073	1	476
1073	1	157
601	1	488
601	1	157
1140	5	222	472	169	358	316
1140	1	157
1114	1	375
1114	1	157
266	1	375
266	1	157
964	2	222	472
964	1	283
186	1	59
186	1	283
620	1	59
620	1	379
834	1	59
834	1	379
584	1	59
584	1	379
793	1	22
793	1	379
362	1	242
362	1	99
265	1	180
265	1	99
814	1	420
814	1	99
1135	1	300
1135	1	99
850	1	59
850	1	190
341	1	20
341	1	190
1359	1	36
1359	1	190
119	1	59
119	1	190
58	1	260
58	1	190
1219	1	134
1219	1	190
282	2	300	420
282	1	190
1379	1	342
1379	1	439
123	1	222
123	1	68
1404	1	420
1404	1	12
915	1	300
915	1	311
396	1	300
396	1	311
588	1	36
588	1	100
1316	1	59
1316	1	100
309	1	260
309	1	100
1262	1	134
1262	1	100
392	1	260
392	1	100
193	1	134
193	1	100
614	1	171
614	1	100
284	1	350
284	1	100
885	1	175
885	1	100
34	1	36
34	1	100
1193	1	59
1193	1	100
1199	1	20
1199	1	100
1461	1	476
1461	1	100
150	1	488
150	1	100
324	1	140
324	1	100
539	1	319
539	1	100
147	1	197
147	1	100
1336	1	455
1336	1	100
883	1	232
883	1	100
420	1	222
420	1	100
382	1	472
382	1	100
350	1	169
350	1	100
1109	1	358
1109	1	100
825	1	316
825	1	100
287	2	420	300
287	1	100
711	1	59
711	1	252
399	1	300
399	1	404
630	1	22
630	1	404
1160	1	140
1160	1	230
1066	1	319
1066	1	230
75	1	197
75	1	230
1346	1	455
1346	1	230
1361	1	232
1361	1	230
1107	1	222
1107	1	230
706	1	472
706	1	230
479	1	169
479	1	230
1003	1	358
1003	1	230
377	1	316
377	1	230
1266	1	300
1266	1	205
757	1	59
757	1	205
1210	1	20
1210	1	205
151	2	59	20
151	1	205
1276	1	300
1276	1	40
205	1	300
205	1	40
409	1	36
409	1	101
95	1	59
95	1	101
281	1	260
281	1	101
961	1	134
961	1	101
424	1	420
424	1	101
295	1	242
295	1	101
101	1	300
101	1	101
1439	1	59
1439	1	178
85	1	20
85	1	178
304	1	222
304	1	178
416	2	36	59
416	1	277
1283	1	300
1283	1	277
158	1	342
158	1	188
938	1	180
938	1	188
873	1	260
873	2	338	216
671	1	134
671	2	338	216
360	1	59
360	1	338
217	1	14
217	1	143
1327	1	59
1327	1	403
1225	1	59
1225	1	403
502	2	488	36
502	1	225
844	1	59
844	1	310
1347	1	36
1347	1	288
911	1	300
911	1	451
790	1	20
790	1	451
475	1	472
475	1	87
740	1	59
740	1	87
414	1	36
414	1	185
1105	1	59
1105	1	185
1019	1	20
1019	1	185
1093	1	476
1093	1	185
992	1	488
992	1	185
1440	1	59
1440	1	264
962	1	20
962	1	264
1240	1	476
1240	1	264
1375	1	488
1375	1	264
543	3	472	169	358
543	1	264
329	2	300	420
329	1	264
855	1	260
855	1	441
540	1	134
540	1	441
535	1	59
535	1	441
461	1	20
461	1	441
1133	1	59
1133	1	502
705	1	242
705	1	502
1009	1	180
1009	1	502
306	1	59
306	1	77
888	1	420
888	1	77
1094	1	300
1094	1	77
847	2	420	300
847	1	216
1220	1	36
1220	1	448
1438	2	59	20
1438	1	149
1212	10	36	59	20	476	488	260	134	171	350	175
1212	3	226	457	70
1063	1	300
1063	1	217
299	1	36
299	1	463
904	1	59
904	1	463
472	1	20
472	1	463
963	1	476
963	1	463
1016	1	488
1016	1	463
1179	1	300
1179	1	463
903	2	59	20
903	1	336
628	1	22
628	1	336
135	1	300
135	1	494
1303	1	36
1303	1	268
169	1	59
169	1	268
655	1	20
655	1	268
339	1	476
339	1	268
200	1	59
200	1	352
234	1	300
234	1	352
1324	1	420
1324	1	352
65	1	300
65	1	352
842	1	222
842	1	278
459	1	472
459	1	278
7	1	169
7	1	278
511	1	358
511	1	278
1442	1	316
1442	1	278
897	1	140
897	1	278
1368	1	319
1368	1	278
1036	1	197
1036	1	278
864	1	455
864	1	278
438	1	232
438	1	278
646	1	300
646	1	75
1017	1	300
1017	1	468
192	1	300
192	1	380
701	1	20
701	1	380
659	1	169
659	1	457
816	1	222
816	1	234
884	1	472
884	1	234
449	1	36
449	1	234
854	1	300
854	1	456
1427	1	300
1427	1	195
1286	1	420
1286	1	195
1203	1	36
1203	1	195
250	1	20
250	1	195
1425	1	260
1425	1	195
746	1	171
746	1	195
548	2	196	14
548	1	195
764	1	20
764	1	389
221	1	476
221	1	389
74	1	488
74	1	389
336	1	300
336	1	389
1198	1	260
1198	1	353
508	1	134
508	1	353
516	1	36
516	1	353
397	1	59
397	1	353
913	5	36	59	20	476	488
913	1	17
1428	1	260
1428	1	192
576	1	134
576	1	192
1018	1	2
1018	1	486
1081	1	159
1081	1	486
386	2	134	59
386	1	486
827	1	300
827	1	339
1214	2	472	169
1214	1	255
71	2	59	20
71	1	255
1335	1	260
1335	1	70
236	1	134
236	1	70
128	1	59
128	1	70
777	2	59	20
777	1	70
1417	1	59
1417	1	70
464	1	20
464	1	70
317	1	59
317	1	120
389	1	420
389	1	419
703	1	300
703	1	419
660	1	36
660	1	356
808	1	59
808	1	356
650	1	20
650	1	356
90	1	180
90	1	423
513	1	59
513	1	471
1251	1	300
1251	1	471
1365	1	300
1365	1	471
1092	1	420
1092	1	471
1396	1	36
1396	1	471
154	1	59
154	1	471
1204	1	20
1204	1	471
73	1	476
73	1	471
19	1	488
19	1	471
1229	1	260
1229	1	471
522	1	134
522	1	471
1398	1	171
1398	1	471
949	1	350
949	1	471
688	1	175
688	1	471
810	2	300	420
810	1	323
226	2	222	472
226	1	231
1060	1	300
1060	1	231
1043	1	300
1043	1	231
1311	2	274	418
1311	1	189
201	1	300
201	1	374
1	1	300
1	1	374
1341	1	300
1341	1	374
1351	1	300
1351	1	60
1149	1	300
1149	1	60
31	5	36	59	20	476	488
31	1	60
1131	1	22
1131	1	60
1340	1	375
1340	1	282
1370	2	420	300
1370	1	240
1124	1	420
1124	1	240
760	1	300
760	1	240
1350	1	59
1350	1	240
860	1	20
860	1	240
1055	1	476
1055	1	240
166	1	488
166	1	240
463	1	260
463	1	240
902	1	134
902	1	240
1305	1	171
1305	1	240
536	1	350
536	1	240
920	1	175
920	1	240
375	5	36	59	20	476	488
375	1	240
369	2	180	242
369	2	240	0
832	1	300
832	1	240
665	1	59
665	1	313
656	1	134
656	1	313
1307	1	59
1307	1	313
1189	1	134
1189	1	313
1297	2	59	20
1297	1	313
107	1	300
107	1	408
1257	1	242
1257	1	408
4	1	180
4	1	408
302	2	300	420
302	1	408
837	5	222	472	169	358	316
837	1	415
412	1	300
412	1	343
450	1	319
450	1	0
786	1	262
786	1	0
194	1	300
194	1	0
789	1	420
789	1	0
308	1	36
308	1	0
728	1	59
728	1	0
531	1	20
531	1	0
702	1	476
702	1	0
1101	1	488
1101	1	0
1299	1	260
1299	1	0
387	1	134
387	1	0
1087	1	171
1087	1	0
195	1	350
195	1	0
933	1	175
933	1	0
124	1	300
124	1	106
976	1	420
976	1	106
69	1	300
69	1	106
1300	1	420
1300	1	106
1023	3	36	59	20
1023	1	447
1227	1	300
1227	1	447
